inst/examples/data/000_luDiversity.asc
NCOLS 100
NROWS 100
XLLCORNER 212461.033821
YLLCORNER 9753254.946558
CELLSIZE 50
NODATA_VALUE NaN
[rows 0 to 22 of 100, columns 0 to 51 of 100]
0.0090973718 0.0088885996 0.0123565101 0.0187595521 0.0327798249 0.0564669199 0.0762776617 0.0990749377 0.1218371026 0.1424438339 0.1653539424 0.1809460887 0.1953744051 0.2105798813 0.2218403923 0.2384818579 0.2582731789 0.2740775721 0.2878442631 0.3024712838 0.3152633014 0.3263299178 0.3368517124 0.3458587978 0.357792392 0.364909731 0.3739534248 0.3785510225 0.3850908503 0.3885638673 0.3910829347 0.3955455206 0.3989277003 0.4013734603 0.4048385304 0.4047036209 0.4046217443 0.4063906877 0.4073814368 0.4084168644 0.4113901902 0.4136647329 0.4135700965 0.4111493168 0.4088441292 0.4061724545 0.4050943617 0.4049965226 0.404895185 0.4047903421 0.4055878703 0.4072874799
0.0288236451 0.0315064965 0.0370304464 0.0453498978 0.0673360147 0.093618393 0.114794009 0.1384959927 0.1599177696 0.1813758598 0.2011211444 0.2112734413 0.227007825 0.2418407211 0.2589312822 0.2776294139 0.2935871438 0.3084875353 0.3222938465 0.3341735376 0.3445035564 0.354515097 0.3650694208 0.37417514 0.3839050262 0.3912089416 0.3962824447 0.4050572584 0.4088863209 0.411820377 0.4139165933 0.4160184939 0.4180211035 0.4191966853 0.4213996763 0.4219085017 0.4224878249 0.4239942335 0.4272953727 0.4289864739 0.4308625571 0.4320964782 0.4310557209 0.4285141199 0.4246253578 0.4227585688 0.4209355741 0.4200291817 0.4190415271 0.4188041664 0.4210214128 0.4234046792
0.0446820958 0.052740349 0.0630588083 0.0829084846 0.1055231133 0.130198721 0.1585349721 0.1804239129 0.2023286006 0.2192052842 0.2348172872 0.2509548618 0.2660425412 0.2788669552 0.3018446826 0.3190242401 0.3354946322 0.3514726154 0.3635211921 0.3705876362 0.3783534047 0.3891632042 0.3983766924 0.4063419149 0.4109240278 0.4153421981 0.4206675168 0.4266618402 0.4282085329 0.428971566 0.4315212378 0.4340924917 0.438274582 0.4399324654 0.439244835 0.4370146776 0.4390159932 0.4418620964 0.4424416545 0.4454734721 0.4462901205 0.4465037508 0.4445652177 0.4420186371 0.4382070573 0.4363246041 0.4361719652 0.436055208 0.4343649772 0.4349416864 0.4370314831 0.4393812969
0.0642610456 0.0786465956 0.0973549974 0.1257024144 0.1510951465 0.1739763242 0.1983454683 0.2174281387 0.2335423089 0.2514179555 0.2664024188 0.2850232587 0.2998711391 0.3185907704 0.3409689287 0.3578311992 0.3740482071 0.3863366084 0.398052724 0.403924928 0.4096024591 0.4191085244 0.4271298185 0.4301800818 0.4348945666 0.4395748394 0.4433317301 0.4435104823 0.4455107457 0.4475268506 0.450440019 0.4517257597 0.4546074145 0.4559093664 0.455813124 0.4581772365 0.4597789175 0.459908177 0.4609755247 0.4628795884 0.462705835 0.4590059184 0.4570048393 0.4559556334 0.4536789826 0.4539825932 0.4538707652 0.4523449972 0.451545943 0.4521340377 0.4528104052 0.4528104052
0.0893192265 0.109151572 0.1367299314 0.1652100666 0.1853027122 0.2072711123 0.2257185869 0.2443757247 0.2647349218 0.2821270093 0.2983033299 0.3151325028 0.3318346078 0.3534865856 0.3741318013 0.3905458937 0.4031207772 0.4140963269 0.4234245606 0.4304319427 0.4390463665 0.4463963573 0.44974457 0.4548535802 0.4588788056 0.4610844629 0.4634080603 0.4649492839 0.4672586369 0.4688429629 0.4704858712 0.4705902186 0.4714544424 0.4723948024 0.4735385904 0.4740190698 0.4767958761 0.4759808482 0.4774898181 0.4754427121 0.473662465 0.4714073046 0.4714949565 0.4703316483 0.4694289955 0.470288472 0.4687991877 0.4695030042 0.4694984708 0.4708979651 0.4701716732 0.4666118011
0.1235244117 0.147192902 0.1732031938 0.1947112283 0.2143354913 0.234036248 0.2538126577 0.2736007664 0.2945895307 0.3125766434 0.3274278857 0.346099481 0.3658069802 0.3854551785 0.402401464 0.4163748191 0.4246415761 0.4325643087 0.4409484303 0.4500892008 0.4595670375 0.4660797787 0.4715078139 0.4767591303 0.480089038 0.4817874333 0.4828345878 0.4847083891 0.4858300044 0.4878102724 0.4883185405 0.4881478998 0.4871947268 0.4877957707 0.4886427483 0.4881623352 0.4905712685 0.4909613705 0.4922435316 0.4915340292 0.488942853 0.4865427468 0.4850947061 0.4844611653 0.4834046599 0.4806920192 0.4812884035 0.4859964967 0.4866934079 0.4866934079 0.4847095272 0.482707682
0.1517797655 0.1753855357 0.1987132148 0.2163127757 0.2391153451 0.2600800235 0.2764909141 0.2971011842 0.3149847267 0.3318034062 0.348965144 0.3671072588 0.3854731202 0.4031763212 0.4169894288 0.4269431153 0.4385281007 0.4466353791 0.4562026009 0.4654746045 0.4742293356 0.4801585874 0.4858616589 0.4921077703 0.4942333478 0.4980957456 0.5003952413 0.5040996258 0.5048209264 0.5063997512 0.507273682 0.5060680868 0.5048399684 0.5038091261 0.5044216385 0.5036819049 0.5057628268 0.5065650149 0.5062221472 0.505988501 0.505265795 0.5040547994 0.5024063349 0.4996217587 0.4945781894 0.4944131381 0.4962338587 0.5000831043 0.5019417091 0.5019098333 0.5000557755 0.4982293334
0.1778537751 0.1972038908 0.2201283313 0.2410448127 0.2601760596 0.2750459338 0.295875613 0.3163073831 0.3314390184 0.3472356319 0.3640393572 0.3842963643 0.4030985537 0.4197406166 0.4294977411 0.438961547 0.4506806269 0.4617452165 0.4714831097 0.481781827 0.4872820602 0.4934044323 0.4999088024 0.5040230449 0.5066907365 0.5117546368 0.5166809065 0.5192102411 0.5231903933 0.5242937121 0.5255018035 0.5233754387 0.5219565496 0.5207399668 0.5203981472 0.520758144 0.5225107757 0.5210748905 0.5192593798 0.5194429025 0.519169906 0.5171718651 0.5160470442 0.513869009 0.5113053695 0.5103984433 0.5121582991 0.513344329 0.5144897928 0.5144560875 0.5138880284 0.5127391522
0.1958263361 0.2153346174 0.2381699864 0.2590146947 0.2738762476 0.2933441343 0.3137091724 0.3326451452 0.3456446591 0.3622657646 0.3812159915 0.4020410014 0.4197428973 0.432345597 0.4425304664 0.4550779751 0.4666823679 0.4778117527 0.4868058107 0.4920969105 0.4977573707 0.5048496349 0.5116303314 0.5162132146 0.523758122 0.5266888822 0.5304122472 0.5347206077 0.5368831349 0.537670697 0.5365941613 0.5350280789 0.5354341575 0.5346095305 0.5340582159 0.5354580297 0.5356704107 0.5346714377 0.5345124457 0.5313739629 0.5290765171 0.5281721937 0.5274515398 0.5269820885 0.5279792846 0.5270153567 0.5292663398 0.5292663398 0.5280108409 0.5261717736 0.5242816381 0.5231717695
0.210564548 0.2337385943 0.2564858091 0.2743367407 0.2894986673 0.3114404241 0.3302650648 0.3442370099 0.3596948778 0.3783150036 0.3999728383 0.4169153531 0.4335061342 0.4462640474 0.4584989349 0.4698758396 0.4815701495 0.4902935994 0.4993916602 0.5032781099 0.5115318302 0.5172144771 0.5236973515 0.5316037697 0.5370457075 0.5402937808 0.5443207855 0.5467920879 0.5472972529 0.5478323157 0.5471985406 0.5460570716 0.5462268292 0.548341743 0.5499949113 0.5528965937 0.5528084277 0.5504163508 0.5470321369 0.5449191475 0.5424281664 0.5418624445 0.5392359725 0.5391730641 0.5416721349 0.5423106421 0.544352679 0.5438092862 0.543265166 0.5410813755 0.5376960092 0.5348473797
0.2311438293 0.2525653433 0.270685576 0.2858976842 0.3039678948 0.3217286811 0.3431123755 0.3585094907 0.3783106497 0.394992671 0.4151679579 0.4331415613 0.4474701234 0.4593708215 0.4733382188 0.48399601 0.4941646623 0.5021913847 0.5089931706 0.5147765452 0.523218894 0.5299356385 0.5374934285 0.543344531 0.5490230449 0.5532196715 0.5547549668 0.5555418575 0.5564469123 0.5561678429 0.5565699452 0.5576942677 0.5588860551 0.5630874159 0.5661118596 0.5674277103 0.5653529765 0.5628137681 0.5599056263 0.558257562 0.5562221898 0.5549694576 0.5527874914 0.5536080836 0.555312884 0.5556578293 0.5571253279 0.5582187415 0.5582767024 0.5562010722 0.5529623041 0.5497607118
0.2471173664 0.26551326 0.2809316174 0.2978877062 0.3185551512 0.3387103875 0.3583702635 0.3736893489 0.3916877211 0.4114793922 0.432534591 0.4481146709 0.4624792848 0.4744618461 0.4866037543 0.4966009476 0.5061213629 0.5134489666 0.5202981789 0.527848784 0.5350864332 0.5428737129 0.5497898036 0.5551461755 0.5583090902 0.560763903 0.5626314621 0.5632287727 0.56511191 0.5640076261 0.5648251962 0.5693664938 0.5725707194 0.5768694213 0.5794907704 0.575984392 0.5759745912 0.5744609149 0.5721020945 0.5698253577 0.5693244566 0.5684902412 0.5667156724 0.5668167343 0.5676828731 0.5695618188 0.5704679641 0.5714599711 0.5715199544 0.5694734959 0.5669764886 0.564516019
0.2620190818 0.2761753939 0.2918993664 0.3103640045 0.3309459735 0.3534060226 0.3696934473 0.3878050104 0.4072934243 0.4289831949 0.447804581 0.4622318127 0.4759099233 0.4886864004 0.4985888787 0.5094719772 0.5181315806 0.5270297218 0.5333458759 0.5409377546 0.5496624852 0.5568886571 0.5611746175 0.563534886 0.5669525006 0.5697584784 0.5712483027 0.5722059563 0.5731905012 0.5743442129 0.5778977749 0.5825075194 0.5863540197 0.5885470322 0.5891586762 0.5878244102 0.5860444067 0.5849488022 0.5829938728 0.5817629608 0.5806341844 0.5802468908 0.5810779604 0.5821222112 0.5822022035 0.5819234193 0.5827961353 0.5827407743 0.5826842355 0.5812455919 0.5777072937 0.575177203
0.269970561 0.2846274628 0.3045826641 0.3254166085 0.3458985519 0.3671562534 0.3828583449 0.4020734206 0.4240193665 0.4466413189 0.4623295353 0.4775699807 0.4902950663 0.5021194952 0.5121307055 0.522949059 0.5308539068 0.5390475156 0.5455056641 0.5531106459 0.5626429279 0.5661329472 0.5694882941 0.5734793655 0.578374793 0.5801452006 0.5813897926 0.5820838019 0.584578916 0.5882913402 0.5925299527 0.5960784939 0.5989058669 0.6002152955 0.6006766147 0.5997813673 0.5983993462 0.5971347498 0.5966133677 0.595803517 0.5941254431 0.594130172 0.5953049657 0.5951766911 0.596177695 0.5948556691 0.5940749429 0.5919657191 0.5903592006 0.5878115923 0.5864123344 0.58459135
0.2774685299 0.2978653256 0.3190961586 0.3376543184 0.3604271219 0.3779022199 0.3977978303 0.4185873208 0.4400620278 0.4606402341 0.4767228317 0.4919327046 0.5029464784 0.5149418626 0.5257264245 0.5364725605 0.5443284735 0.5511316052 0.5597081954 0.566894924 0.5707714567 0.5758130602 0.5813093772 0.5854304776 0.5887382254 0.5903015953 0.5924775482 0.5939502572 0.5966947962 0.599894857 0.6042750238 0.6064476224 0.6095636686 0.6112108188 0.6124730863 0.6129349558 0.6115173126 0.6097304644 0.610046459 0.6089967978 0.6081071276 0.6088712499 0.6088734936 0.6084702324 0.6069857719 0.6056819113 0.6050290459 0.6030560854 0.6010731903 0.5985804575 0.5972159737 0.5947995899
0.2885398193 0.3126289546 0.3326513058 0.3535333474 0.3751239677 0.3919733569 0.4139850594 0.4352055353 0.4565296592 0.476193203 0.4929596 0.5063942337 0.5159562036 0.5278990291 0.5392491168 0.548467123 0.5563934266 0.5640626751 0.5694395762 0.5757421932 0.5805687693 0.5844930254 0.5913240505 0.5950691019 0.5963622249 0.5981792322 0.6012115842 0.6045886025 0.6069655716 0.6098831837 0.6129073656 0.6169747186 0.6203958584 0.6208174534 0.6208618532 0.6216298618 0.6210986702 0.6206168397 0.620723413 0.6213758785 0.6216887089 0.6226767007 0.6215365129 0.6205367833 0.6190707246 0.6164583652 0.6154586487 0.614043523 0.6121168927 0.6096974079 0.6078150656 0.6063314624
0.301424402 0.3242529819 0.3456075061 0.3676343565 0.3882488097 0.4076364231 0.4305865648 0.4513606976 0.4719419654 0.4914162492 0.505013019 0.5178524155 0.5298136643 0.5422956671 0.5528075964 0.5605645284 0.5665462099 0.5711988686 0.5777694038 0.5836896883 0.5886073818 0.5952140292 0.5997838587 0.6025951341 0.6047697227 0.6079184917 0.6110601162 0.6135860692 0.6153129218 0.6175364798 0.6223209864 0.626092286 0.62825883 0.6279808838 0.6274951106 0.6290413606 0.6296922063 0.6308446105 0.6312095824 0.6316367061 0.6313071958 0.6316401456 0.6316644994 0.6301332756 0.6287444996 0.6258133218 0.6257097551 0.6243533891 0.6221039866 0.6189295653 0.6170657324 0.6160248749
0.3161680858 0.3366767464 0.3581887355 0.380056631 0.4029141526 0.4247963495 0.4474207914 0.4672126354 0.4877234357 0.5039168672 0.5184875898 0.5319940908 0.5437585329 0.5531993177 0.5616320042 0.5695391911 0.5733464324 0.5803530315 0.5871699038 0.5937925752 0.5981961821 0.6043088142 0.6085053582 0.6115424643 0.6143952967 0.6166946011 0.6185584578 0.6209536767 0.6244768103 0.6264191428 0.6308921262 0.6333794651 0.634314975 0.6348898299 0.6356584037 0.636494031 0.637335692 0.6391949159 0.6393836858 0.6409773274 0.6405322286 0.6389154529 0.6383584691 0.6368221884 0.6349906589 0.6321107685 0.6320419344 0.6316035138 0.62940394 0.6259196246 0.6245649384 0.6227294865
0.3279426966 0.3502592608 0.3716361005 0.3942613565 0.4179496626 0.4405653853 0.4621249244 0.4815938146 0.501581046 0.5177383353 0.5313408376 0.5423609303 0.5540034617 0.5629275536 0.5708295302 0.576373187 0.5824129885 0.5896606149 0.5965361904 0.6032269147 0.6089568833 0.6141152463 0.616704801 0.6198685606 0.6214858629 0.6241141741 0.6257729852 0.6264088146 0.6286402159 0.632828092 0.6369820326 0.6397323634 0.6405343345 0.6413789961 0.6414968236 0.6421390125 0.6423779587 0.6436043329 0.6436416272 0.6450738514 0.6441329847 0.6433099341 0.6422184303 0.6410644199 0.6392168378 0.6368207552 0.6359304361 0.6346906678 0.6330025882 0.6312946962 0.6303558859 0.6290057856
0.3383405211 0.3640555592 0.3874427521 0.4108411402 0.4329302753 0.4556089156 0.4773955506 0.4970815326 0.513695527 0.5302031574 0.5412940293 0.5531071175 0.5633590587 0.5725058874 0.5797879274 0.5844164735 0.5899358975 0.5989629808 0.606514188 0.6127528147 0.6181546995 0.6217877258 0.6241298922 0.6254827433 0.62633903 0.6277174875 0.6292759875 0.6302307223 0.6337142896 0.6381085332 0.6420388199 0.6441214284 0.64569688 0.6459070685 0.6449652626 0.6445830486 0.644235858 0.6444263111 0.6439487382 0.6452681781 0.6450483911 0.6453676539 0.6439108159 0.6415530801 0.6393330965 0.6369798398 0.6361077045 0.6344681646 0.633231325 0.6336024247 0.6339886559 0.6339254748
0.353602064 0.379150604 0.4028450171 0.4240170823 0.4471280009 0.4708914008 0.4878296012 0.5061874573 0.5256477657 0.5404433492 0.5523017742 0.5640181543 0.5716509122 0.5802312077 0.5882980112 0.5943752296 0.6012375159 0.609690933 0.6167848176 0.6231483136 0.6259466218 0.6265247518 0.6286850752 0.6303802853 0.6330793978 0.6332733082 0.6350552385 0.6377868417 0.6414761695 0.6451418877 0.6474521863 0.6488985695 0.6479486046 0.646676712 0.6456318166 0.6455654539 0.6447271099 0.6443850496 0.6442192294 0.6450005785 0.645106398 0.6449542485 0.6435467749 0.6400149466 0.6382097384 0.6362738634 0.6358183287 0.6346262629 0.6342473007 0.6358589125 0.636653022 0.6370067016
0.3686397094 0.3911380732 0.4142769901 0.4373946877 0.4621224406 0.4810660747 0.4974525847 0.5170231615 0.5378262254 0.5503152851 0.5642972275 0.5738937121 0.5842595898 0.590084216 0.5977390165 0.6039496457 0.6121261411 0.6201432467 0.6244842257 0.6293727348 0.6302853987 0.6312282064 0.6332124617 0.6357563774 0.6372239859 0.6387065165 0.6412721563 0.6437862237 0.6462825798 0.6492642401 0.6500116177 0.6494610855 0.6475707352 0.6467014771 0.6455842266 0.645412424 0.6431990887 0.6423376983 0.6421312598 0.6420560989 0.6420818965 0.6423514737 0.641742057 0.638682951 0.6364954855 0.6349819596 0.6345125331 0.6341445115 0.6341869848 0.6346186138 0.6362232276 0.6369841824
0.3819074819 0.4028962295 0.4262041064 0.4500256209 0.4735540869 0.4890644203 0.5099602303 0.5315355204 0.5510212477 0.564079649 0.57626988 0.5843879311 0.5922151289 0.6002034184 0.6068845181 0.613721853 0.6209019252 0.6262839583 0.6308795459 0.6333198805 0.6345888458 0.6358784696 0.637648562 0.6399362047 0.6426872481 0.6439969597 0.6463602822 0.6477204229 0.6486376045 0.6505169027 0.6497805562 0.6482728783 0.6476645891 0.6462801162 0.6446442874 0.6435365148 0.6416945761 0.6408193861 0.6410103838 0.6400252866 0.6391395103 0.63901732 0.6384152148 0.6365934037 0.6340811046 0.6321858704 0.6321078557 0.6313364228 0.6317877409 0.6322149461 0.6338005206 0.6345515334
