inst/examples/data/000_luDiversity.asc
NCOLS 100
NROWS 100
XLLCORNER 212461.033821
YLLCORNER 9753254.946558
CELLSIZE 50
NODATA_VALUE NaN
[rows 69 to 91 of 100, columns 0 to 51 of 100]
0.5889507942 0.6029062381 0.618254397 0.632389331 0.6411151918 0.652871375 0.663382494 0.6752848672 0.6872478821 0.6981155354 0.7096487294 0.7216262294 0.7351113816 0.744440678 0.7567120501 0.7695934466 0.7779879402 0.7866050341 0.794433232 0.8023130028 0.8091012322 0.813779859 0.8155570708 0.8146507684 0.8127525022 0.8103391583 0.807108505 0.8045803323 0.8022037427 0.7996584152 0.7963248381 0.7928531159 0.7894346177 0.7858592625 0.7822042664 0.7787736244 0.7749553284 0.7710477165 0.7672142796 0.7635836456 0.7606055945 0.7573746973 0.7547839798 0.7528239512 0.7513402908 0.7498851052 0.7492175784 0.7489217391 0.7486155611 0.7477052532 0.7482889384 0.7491782129
0.5935754721 0.6057035387 0.6204502357 0.6344698772 0.6456322986 0.655154614 0.6658403367 0.6774114847 0.6888093944 0.698806858 0.7105586479 0.722153726 0.7349664206 0.7463295408 0.7553237647 0.7680436167 0.7783641709 0.7870874932 0.7962291596 0.8035595355 0.8095182251 0.8139263504 0.815833298 0.8163917077 0.8142340554 0.8112272724 0.8077255604 0.8046151928 0.801982023 0.7998070856 0.7965043256 0.7936863292 0.7909217581 0.7873817733 0.783447387 0.779968266 0.7767173324 0.773364468 0.7697787714 0.7663976139 0.7633758071 0.7604062985 0.7574754905 0.7551843262 0.7539764956 0.7522077688 0.752140154 0.7509369323 0.7497188714 0.7491037282 0.7487830181 0.7496811278
0.5990831753 0.6086887427 0.6229750202 0.6359738168 0.6486352741 0.6580298047 0.6683356433 0.6797007761 0.6897933522 0.7002210902 0.7119867402 0.7228119061 0.7367582707 0.7478927211 0.7567018559 0.7684840535 0.7780822519 0.78737531 0.7967025757 0.8041955832 0.8089167373 0.8131462435 0.816223301 0.8162093908 0.8148220961 0.8128846436 0.8094321283 0.8053934262 0.8018494152 0.7994246564 0.7971356402 0.7943523944 0.7916280402 0.7890419202 0.7854328995 0.7819854749 0.7783716679 0.774656687 0.7713321196 0.768213214 0.765148231 0.7624381701 0.759767056 0.7574357999 0.7556041678 0.7541223956 0.7531406634 0.7519140861 0.7506830341 0.7497567962 0.7494371658 0.7503549059
0.6021333696 0.613821729 0.6253843841 0.6385825078 0.6511093561 0.6619159089 0.6706118532 0.6825385131 0.6915236939 0.701515136 0.7121550166 0.7234517751 0.7365535005 0.7488066095 0.7578100073 0.7685507776 0.7782253826 0.7866012852 0.7969247006 0.8053662532 0.8091043958 0.811731224 0.8146236563 0.8157811241 0.8158627664 0.814334424 0.8119284279 0.8079233011 0.803432654 0.7997663952 0.7965822148 0.7941814378 0.792141651 0.789592944 0.7869617441 0.7838646283 0.7805864398 0.7768134015 0.7734277735 0.77025142 0.7674521827 0.7647005795 0.7622917821 0.7596247401 0.757164072 0.7553524641 0.7540347544 0.7527921845 0.7521691778 0.7518572428 0.7515344804 0.7515450196
0.6045197973 0.617706465 0.6278270554 0.641242405 0.6536367882 0.6658780451 0.674815989 0.6846442692 0.6933966222 0.702847389 0.7129291779 0.724930703 0.7369128148 0.7494256509 0.7594855315 0.7695559929 0.7793972695 0.7879964338 0.7965499029 0.8041057491 0.8087693384 0.8118706293 0.8141422294 0.8150890388 0.8149447009 0.8145487157 0.8132288239 0.8099345889 0.8061347865 0.8018426682 0.7980452004 0.7944055039 0.7921179929 0.7899605991 0.7873812893 0.7849378799 0.7823105426 0.7788748108 0.7754429666 0.7719083295 0.7690643636 0.7665768554 0.7641394061 0.7614412457 0.7589436533 0.7564752165 0.7545087269 0.753250297 0.7529349535 0.7529445169 0.753250297 0.7532596088
0.6069623892 0.6200430617 0.632557039 0.6447190271 0.6550306394 0.6682158106 0.67771168 0.6869062849 0.6951822446 0.7048013962 0.7139052971 0.724330121 0.7361042041 0.7486177588 0.7608731443 0.7711305486 0.7815961347 0.7886449989 0.7961644892 0.8032072425 0.8075918421 0.8116344884 0.8129394621 0.8150710107 0.8146898502 0.8144025621 0.8142133603 0.8113090826 0.8082229022 0.8039613293 0.8001971731 0.796263961 0.7930495762 0.7903071599 0.787790368 0.7850830451 0.7825054566 0.7800600963 0.777200271 0.7742340629 0.7713419989 0.7681873576 0.7654090415 0.7626752852 0.759825113 0.7573201854 0.75565972 0.7543915332 0.7540737361 0.7540810232 0.7540878077 0.7540940895
0.6082141127 0.6230640822 0.6375226704 0.6488759153 0.6582730651 0.669330175 0.6806449059 0.6895521575 0.6966036131 0.7074249813 0.7157783708 0.7234361996 0.7353921443 0.7478514219 0.7605712817 0.7723538862 0.7825883956 0.7902528593 0.7962669581 0.8011098954 0.8069416787 0.8103954922 0.8118265074 0.8133618103 0.8141538332 0.8132630556 0.8135690207 0.812461491 0.8101126131 0.8062216405 0.8028263925 0.7985915463 0.794750312 0.7913934896 0.787951501 0.7856298744 0.7831101189 0.7803988396 0.7775785563 0.7748865169 0.7722645494 0.7696972444 0.7665585721 0.7631445592 0.7602459612 0.7573879893 0.7560258335 0.7557053082 0.7557053082 0.7553904022 0.7550803541 0.7550891211
0.6080366445 0.6237501492 0.6399878855 0.6534114059 0.6635466651 0.6726189034 0.683075286 0.6922422757 0.6977371762 0.7079897114 0.7186394131 0.7232872303 0.7344531165 0.7482165574 0.7602385402 0.772909351 0.7837263379 0.7916167283 0.7982227935 0.8015110427 0.8047403749 0.8080190781 0.8104518701 0.8113644068 0.8130129887 0.8132918738 0.8129940187 0.811997259 0.8104175885 0.808286478 0.8049311875 0.8013990597 0.797588978 0.7939344495 0.789529076 0.7862658465 0.7834725466 0.7814649456 0.7786946878 0.776049907 0.7733818517 0.7704550766 0.7672598742 0.764107156 0.7614771049 0.758571357 0.7575205399 0.7575205399 0.7578449306 0.7578507359 0.7572132742 0.7562587453
0.6042223313 0.6237662672 0.6412085157 0.6563301302 0.6683183107 0.6763252894 0.6847522553 0.6935553264 0.700400758 0.7087341693 0.7194577132 0.7242733391 0.7340340518 0.7481270829 0.7603456817 0.773433316 0.7845416048 0.7926059146 0.7985779587 0.8024108402 0.8044840437 0.8062577337 0.8081321075 0.8104518701 0.8118967615 0.8130043414 0.812780684 0.8118862834 0.8114535806 0.8086702224 0.8067431662 0.8035874297 0.7998110399 0.7965295945 0.7928169707 0.7889172537 0.7848338532 0.7822194565 0.7791689117 0.7769017978 0.7738648304 0.7708892379 0.7679715837 0.7644466779 0.7611321349 0.7594922098 0.7594016478 0.759724027 0.7600460908 0.7597291701 0.7587602822 0.7574639947
0.6044692404 0.6204142741 0.6391070372 0.6569246347 0.6716487958 0.6815828697 0.6884670771 0.695600533 0.7015133877 0.7101373755 0.7193854245 0.7248315587 0.7342868037 0.7469858624 0.7601259759 0.7735792348 0.7850324245 0.7937387755 0.7982509934 0.8023017807 0.804053886 0.8062507184 0.8069614746 0.8083239367 0.8107551891 0.8113493013 0.8123673277 0.8122669821 0.8122501869 0.8113051644 0.8090769866 0.8059419709 0.8018514417 0.7982581759 0.7945799489 0.7913911632 0.7880050009 0.7847594128 0.7810715717 0.7781846478 0.7745247482 0.7715085928 0.7678900874 0.7639820028 0.7616071248 0.7602741398 0.7611772456 0.7615044146 0.7618351485 0.7611805848 0.7598675411 0.7585492546
0.6039306714 0.6190920918 0.6360721884 0.6554139269 0.6713233839 0.6845624052 0.6932351466 0.698846699 0.7032033385 0.7114766223 0.7182272807 0.7243704712 0.733613434 0.7459857198 0.7609744898 0.7732075736 0.7836665042 0.7935769186 0.799163389 0.8012864937 0.8032755881 0.8052049092 0.8062914357 0.8077043519 0.8083735063 0.8102818399 0.8111028307 0.8111576954 0.811314364 0.8111788196 0.8100666461 0.8076999025 0.8046700029 0.8014376925 0.798116935 0.7949521197 0.7909170518 0.7873694157 0.7837148362 0.7795233797 0.7748864143 0.7718225837 0.7681417777 0.7645066532 0.7624325139 0.761414416 0.7619908992 0.7626545111 0.7623263097 0.7606570556 0.7589850925 0.7573069579
0.599411632 0.6167359165 0.6330737978 0.6530171673 0.6703376076 0.6859361126 0.6957814192 0.7027149611 0.7079202274 0.7134610175 0.7198467692 0.7246051574 0.734110841 0.7456301613 0.7605106254 0.7729528568 0.7833001277 0.792643614 0.7984927808 0.8003526029 0.8020900189 0.8042343814 0.8062834978 0.806077729 0.8072043853 0.809265283 0.8105793901 0.8108006873 0.8096006959 0.8100146396 0.8108293815 0.8088820207 0.806260269 0.8030825717 0.8001561242 0.797021431 0.7929979886 0.7894679727 0.784807805 0.780986122 0.7767152477 0.7719862308 0.7682430673 0.7655716471 0.7641419434 0.7627646193 0.7636863593 0.7636863593 0.7630145884 0.7613193271 0.7589369648 0.7565445474
0.5938087643 0.6128658352 0.6304411589 0.6506743565 0.6677263883 0.6833383372 0.6973070696 0.706583429 0.7114383161 0.7171863964 0.7220557893 0.7253009232 0.7351220817 0.7459730664 0.7590127674 0.771358547 0.7838817059 0.7934792136 0.7986458363 0.7998443776 0.800038133 0.8019913233 0.8054208315 0.8069090568 0.8065063806 0.8074482494 0.8093362988 0.810014175 0.8107728226 0.809815677 0.809711353 0.809703358 0.8078637056 0.8054521665 0.802927269 0.7991417983 0.7947949116 0.7905971979 0.7866618975 0.7828656125 0.7775751941 0.7725066887 0.7697343709 0.7666691524 0.7645242384 0.7631258738 0.763378126 0.7626902579 0.7616557517 0.7599271014 0.7578454268 0.7557555878
0.5877681151 0.6071611634 0.6255710532 0.6457012747 0.6630115398 0.680007468 0.6953201148 0.7061546342 0.7140415188 0.721158783 0.7250252896 0.7261506596 0.7350132892 0.7463314622 0.7576280661 0.7693167737 0.7817567134 0.7931237753 0.7980341852 0.8002240803 0.800613494 0.8014419096 0.8030827922 0.8059441886 0.8067404037 0.806945227 0.8077407571 0.8089459213 0.809133089 0.8093830879 0.8101502949 0.8095091344 0.8088509465 0.8075886711 0.8054715193 0.8020799745 0.7981311386 0.793626482 0.7890126485 0.7841916573 0.7796051323 0.775947341 0.7732116152 0.7707878299 0.7682500639 0.7654231644 0.7646284337 0.7632290643 0.7611235521 0.7586589747 0.7568968846 0.7551250704
0.5802993033 0.6019034742 0.620506765 0.6406698683 0.657736893 0.6753988123 0.6913768939 0.7046268922 0.714444629 0.7229385123 0.7291452452 0.7293540729 0.7355494913 0.7460740375 0.7572259126 0.7687727642 0.7791279627 0.7908689705 0.7965023331 0.7988950265 0.8003015544 0.8013102309 0.8027350189 0.8045349742 0.8054641292 0.8057732187 0.8073946185 0.8075192564 0.8081535739 0.8081819212 0.8083338452 0.8089316035 0.8091626575 0.8079923909 0.8055794964 0.8022261227 0.7994080752 0.7952991037 0.7910770308 0.7866275736 0.7827659008 0.7798406757 0.7764350456 0.7728956289 0.7695944245 0.7667159771 0.7651956695 0.7627000716 0.7602002602 0.7580522464 0.7566172201 0.7548185911
0.5750627508 0.5960419251 0.6159173541 0.6354071537 0.6531150497 0.6697794163 0.6857438293 0.6997650287 0.7114030979 0.7224896988 0.7301037153 0.7321189084 0.7379384648 0.7470087977 0.7579680332 0.7682494641 0.7784380086 0.789611094 0.7950459381 0.7971868708 0.7992277954 0.8000066419 0.8019867373 0.8040562233 0.8051537977 0.8054943956 0.8060392557 0.8074752719 0.8070054373 0.8066601755 0.8072994835 0.8069028812 0.8072518538 0.8066109763 0.8047079817 0.8025394543 0.7986878436 0.7953356565 0.7922228044 0.7892380959 0.786842209 0.7839554313 0.7798611728 0.775631125 0.7711979563 0.7671953676 0.7645663756 0.7620276505 0.7602078836 0.7587501676 0.7572846274 0.7558215685
0.5704931143 0.5911688313 0.6115528084 0.6286832799 0.6466443659 0.6640057337 0.6797144897 0.6943874863 0.7047622749 0.7176755633 0.7274990059 0.7326247458 0.7392872242 0.7480170623 0.7591923118 0.7692399165 0.7781989681 0.7887538265 0.7939810954 0.7953944812 0.7976373206 0.7985941993 0.8008232526 0.8022512489 0.8039883448 0.8053056253 0.8058843222 0.8065817556 0.8070317831 0.8075490009 0.8062346705 0.8043900431 0.8033118833 0.8031805638 0.8025989621 0.8009793521 0.7983165176 0.7953735 0.7926665979 0.7908236134 0.788113816 0.7852715335 0.7815752374 0.7773743671 0.7717664546 0.7673272285 0.7646528724 0.7628038312 0.7620651112 0.7609528503 0.7594654047 0.7568544214
0.5627552247 0.5842632727 0.6074042249 0.6256632195 0.6411975224 0.6577688655 0.6719155738 0.6880269918 0.6989760692 0.711295127 0.7210728103 0.7283269507 0.7371546665 0.7467594404 0.7577446911 0.7692203918 0.7794863674 0.7878344729 0.792364028 0.7944692476 0.7959976466 0.7971173412 0.7986742307 0.8011853266 0.803139979 0.8042904637 0.8054219565 0.8057646675 0.8054641292 0.8052864715 0.8056448974 0.8038171977 0.8020247165 0.8001053084 0.7995979584 0.7980796873 0.7970534165 0.7960935611 0.7945893201 0.7909426704 0.787175098 0.7843933537 0.7799901934 0.7754410853 0.7708467519 0.7678189131 0.7669735799 0.7654734966 0.7643517592 0.7620911901 0.7601992081 0.7579184544
0.5530175094 0.5744294013 0.5975123136 0.6213560859 0.6395680808 0.6521187665 0.6669637279 0.6822105479 0.6930139685 0.7059488105 0.7150116418 0.7222138714 0.7333575198 0.7445509901 0.7541688836 0.7660909849 0.7767958312 0.7860137005 0.7898205853 0.794099609 0.7963061516 0.7966834502 0.7974710823 0.7988303708 0.8010261075 0.8032688569 0.8042355115 0.8034359212 0.802351004 0.801900012 0.8024660462 0.8019409313 0.800242929 0.7974806842 0.7966371486 0.795216594 0.7942633205 0.7930290018 0.7912740621 0.7888746787 0.7844066366 0.7809117499 0.7761404484 0.7727629729 0.7693128193 0.7666059104 0.7653658729 0.7642242075 0.7626957603 0.7607751389 0.7584555326 0.7561242283
0.5422453383 0.564205353 0.5865545287 0.6105159545 0.6324097055 0.649088933 0.6615415615 0.6760234183 0.6867148272 0.699593398 0.7098545228 0.7169167327 0.7280331929 0.7391883992 0.7510163689 0.7611504183 0.7728840006 0.783061625 0.7861363042 0.7887210841 0.7917022594 0.793781161 0.7962372427 0.7964068109 0.7965630091 0.7981686276 0.7989938768 0.7997279101 0.7996847998 0.7976958477 0.7972036608 0.7968129857 0.795635337 0.7941751922 0.7929730629 0.7906846351 0.7890155658 0.7878927042 0.786237787 0.7835377427 0.7798901795 0.7764696885 0.7729029769 0.7687737631 0.7661531225 0.764184345 0.762915511 0.7617528218 0.7597897998 0.7578146397 0.7554365782 0.7534482931
0.533788637 0.5563283698 0.575750193 0.5963465886 0.6202707291 0.6415507721 0.6564158846 0.6693871215 0.6829528845 0.6956968699 0.7043829246 0.7112540405 0.7223323144 0.7334411943 0.7458792713 0.7553359831 0.7665212618 0.7772572926 0.7822523728 0.7851068705 0.7868465643 0.788675377 0.7905015512 0.7909543497 0.7904291763 0.7909452317 0.7920430049 0.7926622989 0.7938104259 0.792829639 0.7924834878 0.7922452907 0.7911616843 0.7889889734 0.7879253637 0.7853151312 0.7832834044 0.7801761776 0.7786210533 0.7759650596 0.7743706047 0.7713982986 0.7686850918 0.765822257 0.7632791997 0.7604651618 0.7595730328 0.7583648852 0.7567511928 0.7551321469 0.7543219803 0.7526957189
0.5255701504 0.5505441534 0.5708237327 0.588332396 0.6096514862 0.6291424672 0.647660771 0.6623139787 0.6751338861 0.6878594474 0.6992652213 0.7066060159 0.7162456653 0.7273033617 0.7385571048 0.7497651892 0.7603264338 0.7705234247 0.7754044776 0.7775736379 0.7801755573 0.7823060567 0.7818686635 0.7831406295 0.7833700664 0.7837195202 0.7841684228 0.7841342855 0.7837656042 0.783980603 0.7838561185 0.7838588874 0.7842907691 0.7826502131 0.7804242982 0.7775081351 0.7743483573 0.7713136337 0.7698098321 0.7680657581 0.7661757245 0.7644970461 0.7630745798 0.7606859661 0.7577713721 0.7557241502 0.7552180582 0.7548106166 0.7543973968 0.754403551 0.7535747008 0.7514891111
0.5098732113 0.5375244627 0.5604264757 0.5800498114 0.5995807859 0.6192863859 0.636973961 0.6533929131 0.6678255349 0.6766657573 0.6888819141 0.6961340016 0.7078182045 0.7182382173 0.7289413946 0.7390588073 0.7503319897 0.7600420329 0.7631689925 0.7652808582 0.7683407325 0.7709156677 0.7728066099 0.773339857 0.7728436678 0.7735387701 0.773833979 0.7750651649 0.7749639463 0.775474361 0.7751479936 0.774487788 0.774742142 0.7746543735 0.7725677488 0.7706276151 0.7675220797 0.7645878539 0.7627898058 0.7615741169 0.7606190578 0.7590426578 0.757723675 0.7562316358 0.7537778233 0.752223655 0.7525521024 0.7534174102 0.7534229347 0.7530071524 0.7517326321 0.750020746
