inst/examples/data/000_canopy.asc
NCOLS 100
NROWS 100
XLLCORNER 212461.033821
YLLCORNER 9753254.946558
CELLSIZE 50
NODATA_VALUE NaN
[rows 46 to 68 of 100, columns 0 to 51 of 100]
0.0206387132 0.0262544704 0.0263059911 0.0220297723 0.0300670029 0.1648611419 0.1228538501 0.1621130013 0.0944612575 0.1869594341 0.1730437792 0.0285213816 0.0297063579 0.0361979672 0.0248634113 0.0202780682 0.0211023996 0.0266666361 0.0233693108 0.1202461474 0.0854570102 0.1746809151 0.0326430383 0.0241421214 0.1362019615 0.0288820266 0.0846384422 0.1431660496 0.2049679287 0.1235204192 0.1362082221 0.0846384422 0.1677230876 0.1730437792 0.1448031855 0.1566724205 0.022081293 0.021566086 0.0216176067 0.0352705944 0.1640395319 0.1075583444 0.1337525183 0.0801363186 0.1471945239 0.1222925673 0.1067397765 0.125976123 0.1431660496 0.1055119246 0.0924148376 0.1800016067
0.0334673696 0.028624423 0.0329006418 0.0370222985 0.0240906007 0.1491574814 0.1153946114 0.0335188903 0.138663926 0.1624023961 0.1624023961 0.0230086658 0.0320763105 0.0260483876 0.119713118 0.1079353727 0.151905622 0.2359202056 0.0910539376 0.1096047643 0.1321153825 0.0275940089 0.0213084824 0.0308913342 0.1738907467 0.118927935 0.1083769124 0.1141068879 0.0273364053 0.1153347398 0.1145161719 0.1018283689 0.1533981488 0.1308875306 0.1705880754 0.1845037303 0.0267696775 0.0207932753 0.0360949258 0.0259968669 0.0217206481 0.1042840727 0.1681323716 0.0317671863 0.0241936421 0.1513517289 0.1971915333 0.1284318268 0.1096047643 0.1599466923 0.0809548865 0.0776806148
0.0255847012 0.0243482042 0.0202780682 0.0257907841 0.017135305 0.0331582454 0.1415289137 0.0977355292 0.1329339504 0.1083769124 0.1521702969 0.0217721688 0.0250179734 0.0230086658 0.1330612294 0.1570093117 0.1020465 0.1201057095 0.150335256 0.022441938 0.0360434051 0.0370738192 0.0230086658 0.0175474707 0.1142168369 0.1307056804 0.1224612586 0.1299204973 0.023678435 0.0214115238 0.0225965001 0.1059212086 0.0760434789 0.1272039749 0.1517610129 0.0201750268 0.1574909885 0.1775459029 0.0825920224 0.1411196298 0.0210508789 0.1681323716 0.2000565211 0.1723203806 0.1683944655 0.1705880754 0.150123877 0.1173811596 0.0993726651 0.1325246664 0.0219267309 0.0217721688
0.022441938 0.026151429 0.0230086658 0.0251725356 0.0306852514 0.0222873759 0.1542167167 0.1750901991 0.024554287 0.0204841511 0.0322823933 0.0351160323 0.0265635947 0.0256877426 0.1401278766 0.1275649483 0.1397352851 0.1471945239 0.2374905716 0.0259453462 0.026512074 0.0215145652 0.0197113404 0.0231632279 0.135024187 0.1201057095 0.1044020491 0.1267797652 0.0332097661 0.0295517958 0.0285729023 0.1497145931 0.1136976039 0.1169718757 0.1104233322 0.0272848846 0.1394824939 0.1988286692 0.0903684178 0.137845358 0.1488960251 0.02331779 0.0259968669 0.086735431 0.150335256 0.1587188404 0.0981448132 0.0981448132 0.1423474817 0.1697695075 0.1805648024 0.1153946114
0.0266151154 0.0327460797 0.0296548372 0.0212569617 0.0302730857 0.0232662693 0.1173811596 0.0948705414 0.0206387132 0.024914932 0.0243997249 0.0333128075 0.0317156655 0.0233693108 0.1067575981 0.1754611127 0.0992983594 0.1303130888 0.1570093117 0.0316126241 0.0191446126 0.0200204647 0.0279031331 0.0218752102 0.0234723522 0.0204841511 0.0232147486 0.0321793519 0.1456217534 0.1939172616 0.1108326162 0.0216176067 0.1370267901 0.1190182955 0.0805456026 0.0246573285 0.1599466923 0.0320763105 0.1767273349 0.0768620469 0.1141068879 0.0256362219 0.1581870862 0.1314908634 0.1683944655 0.0666299477 0.0768620469 0.0907777018 0.0335704111 0.1210647153 0.1271723568 0.1597574523
0.0335188903 0.0232662693 0.0224934587 0.0206902339 0.0195052576 0.0352190737 0.0319217484 0.0320763105 0.0285213816 0.0325915176 0.0206387132 0.032694559 0.0254301391 0.0234208315 0.0203811097 0.0213600031 0.0247088492 0.0199174233 0.0209478374 0.024914932 0.0248118906 0.0215145652 0.02331779 0.0233693108 0.0251210148 0.0213600031 0.0282122574 0.0192476541 0.087912714 0.0911869857 0.1428760172 0.1201057095 0.1530833965 0.248483134 0.1566167202 0.0251725356 0.1288411107 0.0238845178 0.1216760756 0.1487648899 0.1644685504 0.1640395319 0.1212834841 0.1589722692 0.1110761048 0.1812294586 0.0269242396 0.1542167167 0.1615838281 0.0821827384 0.1390732099 0.1483722984
0.022081293 0.0194537369 0.0234723522 0.0362494879 0.027748571 0.0336734525 0.0334158489 0.020844796 0.0291396301 0.0304791685 0.0227510622 0.0252240563 0.0257907841 0.0226480208 0.0201750268 0.022441938 0.0247088492 0.0263059911 0.036764695 0.022441938 0.0198143819 0.0217721688 0.032333914 0.0267181568 0.0309428549 0.0206902339 0.0337764939 0.0358373222 0.1288411107 0.1468496053 0.1693602235 0.213153608 0.1026469368 0.150533161 0.1275649483 0.0576257004 0.1607652602 0.1349803702 0.1624023961 0.1499426644 0.1405204682 0.1546260007 0.1106835132 0.136594553 0.1044020491 0.0217206481 0.0302730857 0.0181657192 0.125976123 0.0895498499 0.1591281243 0.1927351393
0.0340340974 0.0195052576 0.0272848846 0.0217206481 0.019608299 0.0216691274 0.0260999083 0.0191961334 0.0268211982 0.0316126241 0.0352705944 0.0256877426 0.0226995415 0.0242966835 0.0242966835 0.029345713 0.0325915176 0.020844796 0.0253270977 0.0249664527 0.0299639615 0.021566086 0.0267181568 0.0315611034 0.0285213816 0.0204326304 0.02403908 0.0340856181 0.1059212086 0.1800016067 0.1947358295 0.1595374083 0.1337525183 0.1836851624 0.0219782516 0.1591281243 0.1067397765 0.1533981488 0.0239875593 0.1016539085 0.1424834257 0.163220964 0.1276132588 0.0334158489 0.0241421214 0.0318702277 0.176318051 0.0850477262 0.1362082221 0.1321153825 0.1435753336 0.1100140482
0.0225965001 0.0287789852 0.0319217484 0.0256362219 0.0320247898 0.0201750268 0.0244512456 0.0304276478 0.0201235061 0.0260483876 0.0205871925 0.0352190737 0.0363010086 0.0197113404 0.0224934587 0.0246058078 0.0244512456 0.0248118906 0.0219267309 0.0274394467 0.0248634113 0.0259453462 0.0267696775 0.0309428549 0.0189385298 0.0266151154 0.0262029497 0.0211539203 0.1220686671 0.1636833674 0.0486214531 0.1279575398 0.1232464416 0.0993726651 0.027748571 0.1232464416 0.1640759589 0.0744063431 0.1149254558 0.1321153825 0.1619931121 0.1529888648 0.1087861963 0.150533161 0.0830013064 0.0221843345 0.1587188404 0.1517610129 0.1267946909 0.2180650156 0.1051026406 0.1317060985
0.0238845178 0.0201750268 0.0336219318 0.0242451628 0.0239875593 0.0346008252 0.033931056 0.0218236895 0.0375375056 0.024554287 0.0299639615 0.0356827601 0.0232662693 0.0235753936 0.0222358552 0.0249664527 0.0209478374 0.0203295889 0.0218752102 0.0217206481 0.0302730857 0.0225449794 0.0230601865 0.0228541037 0.0339825767 0.0334158489 0.0324369555 0.0325399969 0.1102909217 0.2445572189 0.1149254558 0.1165625917 0.1926894097 0.176318051 0.0327976004 0.1632907759 0.2343498395 0.150123877 0.1329339504 0.0887312819 0.1300689626 0.1169718757 0.1419381977 0.1087861963 0.1468496053 0.0217206481 0.125976123 0.150942445 0.1051026406 0.1407103458 0.1791830387 0.0285729023
0.0264605533 0.0217721688 0.0234723522 0.0306337307 0.0269757604 0.0206387132 0.0214115238 0.025275577 0.0192991748 0.0267696775 0.0246058078 0.0194022162 0.0166716186 0.0231632279 0.0299639615 0.0140955832 0.0208963167 0.0329521626 0.017135305 0.035167553 0.0254816598 0.0194022162 0.024914932 0.0187839677 0.0252240563 0.0249664527 0.0260999083 0.0270272811 0.2445572189 0.1538685796 0.2453424019 0.138663926 0.1525795808 0.2123350401 0.0220297723 0.021566086 0.1236390331 0.1762462958 0.0262544704 0.1034655047 0.2102886203 0.1120604681 0.1067397765 0.2041493608 0.0805456026 0.1779551868 0.1471945239 0.1533981488 0.1562631366 0.1546260007 0.1849130143 0.0228541037
0.0252240563 0.0211539203 0.0357858015 0.0253270977 0.0166200979 0.0237814764 0.022081293 0.0329521626 0.0228541037 0.02331779 0.0226480208 0.021566086 0.0238329971 0.0333643282 0.0223388966 0.0202780682 0.0217721688 0.019968944 0.0297578786 0.021205441 0.0191961334 0.0214630445 0.0188354884 0.0234723522 0.0325915176 0.0230601865 0.1136976039 0.1325246664 0.1452124694 0.1034655047 0.0254301391 0.1202461474 0.075634195 0.1034655047 0.112469752 0.0243997249 0.1522982135 0.2343498395 0.1150020199 0.0204841511 0.1607652602 0.112879036 0.1337525183 0.1136976039 0.1083769124 0.1353896542 0.1228538501 0.049440021 0.0251725356 0.1554445686 0.188187286 0.1432686087
0.0283668195 0.0203811097 0.0229571451 0.0365586122 0.0222358552 0.0198659026 0.0283152988 0.0268727189 0.0263059911 0.0255847012 0.0307882928 0.022441938 0.0238845178 0.0328491211 0.0222873759 0.0231632279 0.0204841511 0.025275577 0.032333914 0.0214630445 0.0200719854 0.0211023996 0.0226480208 0.0200719854 0.0325399969 0.0225449794 0.138254642 0.1280225428 0.1300689626 0.1419381977 0.1138242453 0.1617204098 0.1534759881 0.1448031855 0.1448031855 0.1232464416 0.1530833965 0.1236390331 0.1405204682 0.1660389164 0.0285729023 0.1419381977 0.1529888648 0.1284318268 0.1709973594 0.1787737548 0.1734981552 0.0977279933 0.1570093117 0.0235753936 0.0235753936 0.1236390331
0.0312004585 0.0200719854 0.0199174233 0.0239360385 0.031818707 0.0369192571 0.0226995415 0.0253270977 0.0203811097 0.0201235061 0.0301185236 0.0171868257 0.022441938 0.0328491211 0.0273364053 0.0179596363 0.0239875593 0.0246573285 0.0206902339 0.0216176067 0.0330036833 0.0242451628 0.0219267309 0.0232147486 0.0206387132 0.0272333639 0.1652673838 0.1202461474 0.2053772127 0.1153946114 0.1668240995 0.1055798236 0.118142752 0.1275649483 0.1577944947 0.2335646565 0.1318834549 0.1448389748 0.0850477262 0.1668240995 0.136594553 0.1228538501 0.1988286692 0.099781949 0.1546537626 0.1636833674 0.2206091366 0.1173575689 0.1256019907 0.0252240563 0.0294487544 0.2300313329
0.0377435885 0.0294487544 0.0185263641 0.0357342808 0.0213600031 0.0245027663 0.0245027663 0.0269757604 0.0245027663 0.0203811097 0.0165685772 0.0226995415 0.0229056244 0.0218752102 0.0287274644 0.020844796 0.0207932753 0.0348069081 0.0241421214 0.0226480208 0.0300154822 0.022441938 0.02986092 0.0324369555 0.0205356718 0.0203811097 0.1173811596 0.1419381977 0.0341886596 0.0257907841 0.0199174233 0.1499426644 0.1734981552 0.1483722984 0.1024390915 0.1256019907 0.2107943488 0.1479797069 0.1018283689 0.1275649483 0.1338464125 0.1220686671 0.0250179734 0.1407103458 0.1008687254 0.1059724151 0.1558315371 0.1232464416 0.1116511841 0.1701787914 0.1416982427 0.1322760464
0.0266666361 0.0267181568 0.0234208315 0.0251210148 0.0321278312 0.0255847012 0.0248118906 0.0281607367 0.0242451628 0.0283668195 0.0264090326 0.020844796 0.0331582454 0.0269757604 0.019968944 0.0249664527 0.0234208315 0.0172898671 0.0218752102 0.0225449794 0.0208963167 0.0272333639 0.0203811097 0.0184748434 0.0327460797 0.0198143819 0.01749595 0.0234723522 0.0228541037 0.0251210148 0.1098983302 0.1248168077 0.1668240995 0.120498301 0.1411196298 0.1169718757 0.1146094284 0.1354167785 0.0219782516 0.1436612003 0.1409130597 0.1354167785 0.0237299557 0.029345713 0.1440537918 0.1322760464 0.217860996 0.1138242453 0.1472588893 0.1051026406 0.1562241286 0.1283501313
0.0223904173 0.0233693108 0.0208963167 0.0282122574 0.0176505121 0.0241936421 0.0256877426 0.0201235061 0.0222358552 0.022802583 0.0192476541 0.0278000917 0.0220297723 0.0227510622 0.0238845178 0.0236269143 0.0239360385 0.0320247898 0.0203295889 0.0228541037 0.0271818432 0.0218752102 0.0331067247 0.0247603699 0.0206387132 0.0248118906 0.0194022162 0.0332612868 0.0264090326 0.0219267309 0.1962684629 0.2213943196 0.1401278766 0.1263854069 0.1312968145 0.1853222982 0.1546537626 0.1020465 0.022441938 0.0230601865 0.0181141985 0.1267946909 0.1202461474 0.137436074 0.1483722984 0.2496609085 0.1000835424 0.2575127387 0.0242451628 0.0231117072 0.0185263641 0.0265635947
0.0228541037 0.0257392633 0.0219782516 0.0191446126 0.0235238729 0.0242966835 0.0223388966 0.0309943756 0.0325915176 0.0242966835 0.0230601865 0.0346008252 0.0230601865 0.0341886596 0.0191446126 0.0329521626 0.0339825767 0.0324884762 0.0254816598 0.0243997249 0.0251210148 0.0201750268 0.0257907841 0.0248118906 0.0169292222 0.0350129909 0.0241421214 0.0366101329 0.0322308726 0.0319732691 0.1607652602 0.1267946909 0.1341618023 0.1525795808 0.1202461474 0.0242451628 0.0263059911 0.0344977838 0.0183202813 0.0233693108 0.0342401803 0.125976123 0.1529888648 0.1439846175 0.1236390331 0.2394535292 0.135024187 0.119713118 0.0197628611 0.019608299 0.0232147486 0.0246573285
0.0204841511 0.0242451628 0.0246058078 0.0226480208 0.0273364053 0.0270788018 0.0221843345 0.0224934587 0.0233693108 0.0198143819 0.0202780682 0.0256877426 0.0197628611 0.0202780682 0.0340340974 0.0257392633 0.0309428549 0.0251725356 0.0222873759 0.0239360385 0.0178565949 0.0218236895 0.0323854348 0.0338280146 0.0221843345 0.0225449794 0.0241936421 0.027387926 0.0220297723 0.023678435 0.0269757604 0.2053772127 0.1272039749 0.0817734545 0.0271303225 0.0251725356 0.0196598197 0.0228541037 0.0216691274 0.0310458963 0.0204326304 0.1591281243 0.1149254558 0.0223388966 0.0353221151 0.03640405 0.0138895004 0.0233693108 0.0238329971 0.0225449794 0.026151429 0.0303761271
0.0264090326 0.0312004585 0.018371802 0.0319217484 0.0352705944 0.0198143819 0.0338795353 0.0186809263 0.0330036833 0.022802583 0.01749595 0.0362494879 0.0333128075 0.0229571451 0.0285213816 0.0215145652 0.0177020328 0.0207932753 0.0184233227 0.0237814764 0.018732447 0.0243482042 0.2563349642 0.1275649483 0.1491574814 0.0219267309 0.0184748434 0.0221328137 0.0286759437 0.0328491211 0.0167231393 0.1423474817 0.0809548865 0.1435753336 0.0254301391 0.0316641448 0.025275577 0.019968944 0.0256877426 0.0202780682 0.02403908 0.1644488159 0.1235204192 0.0204841511 0.0338795353 0.0246058078 0.0273364053 0.0216691274 0.0216691274 0.0219782516 0.0246058078 0.0337764939
0.0237299557 0.0248118906 0.022802583 0.0238845178 0.0237299557 0.033931056 0.0227510622 0.0217206481 0.0282122574 0.022802583 0.017135305 0.0370222985 0.0357342808 0.0180626778 0.0357858015 0.0222358552 0.0283152988 0.0266151154 0.0187839677 0.0334158489 0.0245027663 0.0224934587 0.1146094284 0.1354167785 0.150335256 0.02331779 0.0226995415 0.0195567783 0.0259453462 0.0179596363 0.0326430383 0.0241936421 0.0213084824 0.0225449794 0.02331779 0.0205871925 0.0325915176 0.0238845178 0.0374859849 0.0282637781 0.026151429 0.0209993582 0.0260999083 0.0204841511 0.0354251566 0.0336734525 0.031097417 0.0306852514 0.0196598197 0.0215145652 0.0208963167 0.0260999083
0.0325399969 0.0214115238 0.0259968669 0.0240906007 0.0216176067 0.0334673696 0.025275577 0.024554287 0.0191446126 0.0216176067 0.0319732691 0.0271818432 0.0243997249 0.021566086 0.023678435 0.0288305059 0.0287274644 0.026151429 0.0259968669 0.0232147486 0.0256362219 0.0184748434 0.1362019615 0.2528016406 0.1259945822 0.035167553 0.0177020328 0.018371802 0.0245027663 0.0318702277 0.0315611034 0.0307882928 0.0292941922 0.0218752102 0.0333128075 0.0216176067 0.0221328137 0.0234208315 0.0250179734 0.0291396301 0.0237299557 0.0246058078 0.0266666361 0.0215145652 0.0209478374 0.0308398135 0.0332612868 0.0292426715 0.0191446126 0.0244512456 0.0229056244 0.0256877426
0.0315611034 0.0173413878 0.0245027663 0.0356827601 0.0280061745 0.0239875593 0.0262544704 0.0225449794 0.0262544704 0.0253786184 0.0241936421 0.0325399969 0.0310458963 0.0196598197 0.0250694941 0.0222358552 0.0239875593 0.0250694941 0.028985068 0.0225965001 0.1546537626 0.1161797944 0.1346315955 0.1236390331 0.1330612294 0.0175474707 0.1067575981 0.151905622 0.0203295889 0.0222873759 0.0344462631 0.017135305 0.0337764939 0.0307882928 0.0248634113 0.0248118906 0.022441938 0.0231632279 0.0223388966 0.0306852514 0.0222358552 0.0248634113 0.0180626778 0.0332612868 0.0270788018 0.0262544704 0.0231117072 0.0320763105 0.0326430383 0.0317156655 0.0185263641 0.0201235061
