inst/examples/data/000_luDiversity.asc
NCOLS 100
NROWS 100
XLLCORNER 212461.033821
YLLCORNER 9753254.946558
CELLSIZE 50
NODATA_VALUE NaN
[rows 23 to 45 of 100, columns 0 to 51 of 100]
0.3923751111 0.4137818313 0.4362729032 0.4603215723 0.4820591086 0.5007505833 0.524721457 0.5454205794 0.5635920308 0.5756402632 0.5850230789 0.595250345 0.6031813652 0.6113568307 0.6151932416 0.6216042682 0.6272510912 0.6328978118 0.6366956146 0.6388381018 0.6404446562 0.6424513863 0.6449620748 0.6470797065 0.6486081882 0.6492750617 0.6490701426 0.6489083441 0.6505725258 0.6513813652 0.6501081673 0.6493915301 0.6482392434 0.6459204391 0.6434046093 0.6422604452 0.6412210584 0.6394638883 0.6391461389 0.6385030291 0.638034824 0.6367006235 0.6349475516 0.6335475544 0.6314817409 0.6284717652 0.6272034748 0.6272034748 0.6284168721 0.6292439335 0.6300288604 0.631555131
0.4040763814 0.4252864123 0.448852653 0.4729130761 0.4951364805 0.5153186891 0.5390741003 0.5589907747 0.5760655321 0.5866406608 0.5947543746 0.604515454 0.6119493861 0.6190305167 0.6225257764 0.6285456206 0.633313145 0.6396389811 0.642598347 0.6450563468 0.6463948895 0.648670065 0.6505276572 0.652437466 0.6528501178 0.6519171451 0.649754753 0.6503485764 0.6518764391 0.652584274 0.652119803 0.650871347 0.6487950582 0.6460273462 0.6438859012 0.6426880586 0.6407676321 0.6389617431 0.6381632605 0.6370220951 0.6365568099 0.6348706163 0.6323928902 0.6294651149 0.6270361408 0.6244448969 0.6231888465 0.6239691631 0.6251487194 0.6259678538 0.6263465768 0.6278788671
0.4141618174 0.4377423653 0.4618100872 0.4856908675 0.5094254224 0.5313097126 0.5518002508 0.5705391293 0.5859122955 0.5964399824 0.6047891571 0.6146139405 0.6209853074 0.6247807701 0.6290581333 0.6337245991 0.6414160547 0.6462699724 0.6489473132 0.6511117886 0.6536018264 0.6547559995 0.6564106823 0.6566494027 0.6564361943 0.653578531 0.6517945156 0.6531398508 0.6549365599 0.6555244381 0.6549309976 0.6527537037 0.6501997992 0.6482136326 0.6460030384 0.6435189654 0.6411454646 0.6392975904 0.6372510537 0.6361363176 0.6349298131 0.6325252238 0.6300913229 0.6264182498 0.6240068924 0.6218264054 0.6194344049 0.6198110764 0.6217524734 0.6233133429 0.6237076802 0.6244765111
0.4255780662 0.4512378605 0.4769001329 0.5013016857 0.5251292131 0.546048504 0.565107193 0.5814137341 0.5966955692 0.6048660785 0.6126717767 0.6215002639 0.6269919444 0.6310195012 0.6349366086 0.6419265246 0.6486475789 0.6516737912 0.6551312919 0.6569801282 0.6587996797 0.6588816502 0.6602885845 0.6603461938 0.6577204236 0.6552775215 0.6542856834 0.6559072642 0.6571347254 0.6575790992 0.6564845639 0.6542400555 0.6520589349 0.6500325163 0.6473497113 0.644376379 0.6419500035 0.6404430254 0.6380220194 0.6361403449 0.633835872 0.6307373729 0.6275946487 0.6236024806 0.6216194789 0.6198420647 0.6186321815 0.6182412455 0.6193787973 0.6204960411 0.6208863896 0.6209043688
0.4415973909 0.4665922056 0.4914520267 0.5125894315 0.5380447764 0.558388455 0.5776067992 0.5912579188 0.6034246187 0.6118082877 0.6191285333 0.6275898164 0.6326902722 0.6375127025 0.6416758051 0.6492736577 0.6535916918 0.6563748957 0.658623497 0.6603186122 0.6610886698 0.6619532039 0.6613291225 0.6603566446 0.6576459388 0.6555727974 0.6549484256 0.6564519075 0.6579495149 0.6570902711 0.6567740579 0.6548889474 0.6522765773 0.6493701631 0.6470348003 0.6452055312 0.6431081439 0.6411590572 0.6383918915 0.6357849338 0.6335299235 0.6293289851 0.6258612535 0.6227269608 0.6207862572 0.6182800108 0.6182223127 0.6174531617 0.6174384494 0.6181456196 0.6181456196 0.6181622654
0.4562351023 0.4815810035 0.5049229397 0.5261771407 0.5501856218 0.5708311903 0.5859579863 0.5996771212 0.6082028173 0.6172945965 0.6255309664 0.6323421052 0.638248628 0.641692931 0.646691644 0.6529304704 0.6570514803 0.6596671233 0.6611884437 0.6618166964 0.6620414554 0.6622842922 0.6606471269 0.6587200176 0.6568726886 0.6551905925 0.6540254193 0.6553849504 0.6564176991 0.6563686782 0.6568057296 0.6544885807 0.6513910706 0.6484335081 0.6464383725 0.6456912085 0.6431654334 0.6401428439 0.637804341 0.6359729129 0.6341292128 0.6303799449 0.627334286 0.6234764105 0.6208135187 0.6187433865 0.6190616366 0.6186839658 0.6179389857 0.6178893291 0.616368069 0.6160018603
0.4711657766 0.4929132498 0.5164682893 0.5391054033 0.5612723465 0.5789347855 0.5921195888 0.6051795065 0.6143982069 0.6213223733 0.6305634619 0.6371024171 0.642702154 0.6464454615 0.6501831713 0.6556733571 0.6590664817 0.6606277849 0.6610697556 0.6611776838 0.6617138944 0.6604481465 0.6587903733 0.65681854 0.6553729333 0.6540537767 0.653264125 0.6557886072 0.6576028554 0.6570498127 0.6565794071 0.6533859579 0.65025464 0.648801629 0.6467525525 0.6451759779 0.6426696896 0.6404240755 0.6392271925 0.6385454279 0.636334783 0.6326278934 0.6299887456 0.626910403 0.6242884785 0.6215078054 0.6218089841 0.6218089841 0.6199708146 0.617730398 0.6158535258 0.6154770687
0.4817688701 0.5051511524 0.5277956006 0.550938239 0.570651948 0.5847362931 0.5961404613 0.6068843144 0.6175044468 0.6260656843 0.6349480012 0.6407337683 0.6476786262 0.648648135 0.6506909358 0.6555294911 0.6588222943 0.6606781574 0.661014662 0.6614951196 0.6619215467 0.6600911337 0.6579145764 0.6572255063 0.6570192656 0.6556070079 0.6555501566 0.6575687113 0.6592357528 0.6589751273 0.6575688226 0.6550901028 0.6530544077 0.6503765 0.6475060312 0.6452083486 0.6427506642 0.6405396555 0.6397042093 0.6390000534 0.6378819451 0.6356812175 0.6330649922 0.6303854904 0.6270585981 0.6239467191 0.6238771728 0.623510843 0.6220540817 0.6195115173 0.6176751389 0.6165620325
0.4939368654 0.518025565 0.5381110551 0.5588057124 0.5762644488 0.5892289745 0.6008155145 0.6098546373 0.6220198369 0.6303102368 0.6389190801 0.643410896 0.6470163472 0.6478315956 0.653193858 0.658322258 0.6614946943 0.6636216483 0.6633642162 0.6636709539 0.6629938782 0.6620354887 0.6606869461 0.6599012466 0.6595195616 0.6588106225 0.6594621792 0.6617353044 0.6620363393 0.6616123868 0.6604791025 0.658299779 0.6554086963 0.6511776714 0.6479678578 0.646450837 0.6440295328 0.6418237885 0.6406308484 0.6402950012 0.639181644 0.6366368597 0.6336568951 0.6306320188 0.6276945296 0.6260607365 0.6263538679 0.6260046239 0.6245805666 0.6220751102 0.6195605197 0.6181096912
0.5075744464 0.5281328818 0.5472654973 0.5643523242 0.5810683881 0.5928908531 0.6034302642 0.6127214965 0.6247863373 0.6339822446 0.6418837855 0.6470696465 0.649360035 0.6510247359 0.6561881672 0.6606667886 0.6640558632 0.666041409 0.6656783288 0.6662727575 0.6663445501 0.6648148595 0.6638132387 0.6632861293 0.6627518073 0.6631300503 0.6636260248 0.6649136013 0.6650523088 0.6645191826 0.663303691 0.6610280267 0.6573246916 0.6538017296 0.6510056042 0.6491235313 0.6467137957 0.6448858383 0.6436981745 0.6426460225 0.6404794022 0.6379437326 0.6349950139 0.632346606 0.629785173 0.6285120764 0.6287874561 0.629144383 0.6284437688 0.6256206136 0.622785392 0.6217318488
0.5167210073 0.535538148 0.5517731507 0.5690170814 0.5846130043 0.5958673256 0.6065400911 0.6157873403 0.6281181695 0.6376613622 0.6468801719 0.650240303 0.6533404742 0.655316677 0.6602096454 0.6630448554 0.6666818572 0.6689577022 0.6693376354 0.669266305 0.6679228479 0.6654762412 0.6651522554 0.6648753534 0.6658336801 0.6672849948 0.6672559241 0.6679996079 0.6676454498 0.6673797878 0.6656678972 0.6622112672 0.6592406718 0.656854374 0.654071505 0.6518537061 0.6505501403 0.6487310162 0.6471578738 0.6457359834 0.6435929226 0.6403803348 0.6374728245 0.6345230483 0.631987263 0.6310622748 0.6320239301 0.6323624376 0.631659322 0.6302635749 0.6271509962 0.6254187911
0.5218041209 0.5401954941 0.5564942861 0.5724135319 0.5855796478 0.5963542542 0.6080934069 0.6200633134 0.6344988564 0.6427414563 0.6504067288 0.6535361578 0.6568953053 0.659644745 0.6624182674 0.6664836906 0.6694318224 0.6710676657 0.6712843973 0.6702023877 0.6695898661 0.6682774436 0.6681688909 0.6689561999 0.6697463538 0.6699309671 0.6701619765 0.6707533252 0.6710198982 0.6698982594 0.6681225821 0.6654824358 0.6629143697 0.6601759064 0.6574188386 0.6555291304 0.6534924473 0.6509644417 0.6497465742 0.6483360407 0.6465386362 0.6437028554 0.6408330346 0.6379223396 0.6350744123 0.6338058715 0.6351000749 0.6357675524 0.635421426 0.634714619 0.6319873822 0.6296257238
0.5281577798 0.5438165036 0.5590406674 0.5737623398 0.5865237719 0.6012078664 0.6140422135 0.626806276 0.6386835062 0.6477138515 0.6538924793 0.6557963636 0.6589651165 0.6610367566 0.6637699137 0.6676227815 0.6699838887 0.671037907 0.6718853292 0.6707092643 0.670436593 0.6702306585 0.6716204883 0.67228313 0.6726428577 0.6730722757 0.6727794494 0.6732458099 0.6733954832 0.6718264738 0.6701187253 0.6682270193 0.6656577481 0.6629227944 0.6608435414 0.6589311242 0.6568751749 0.6546912108 0.6531255948 0.6520401 0.6499115529 0.6467496788 0.643558385 0.6403163989 0.6378395386 0.6369365166 0.6378829845 0.6385535721 0.6391981053 0.6398255026 0.636800599 0.6341367273
0.5308360825 0.5490351405 0.5616418513 0.5744626582 0.5899869364 0.6062412221 0.6199330173 0.6319151751 0.6435165048 0.6509987554 0.6553640575 0.6566400905 0.660208841 0.6631603089 0.6647370918 0.6674555969 0.6710453758 0.672310448 0.6734398383 0.6729991331 0.6730003293 0.673088887 0.6747398825 0.6760772023 0.6763230519 0.6762707992 0.675466266 0.6758077442 0.6762186108 0.6750502082 0.6736865859 0.6710486641 0.6684611104 0.6657146826 0.6636352343 0.6617220955 0.6593335366 0.6574853974 0.6562473495 0.6551371894 0.6533409407 0.6505263367 0.6470201025 0.6441305327 0.6419986712 0.6414098754 0.6426793065 0.6436758158 0.6439844272 0.6442917806 0.6432636082 0.6416364213
0.5343895341 0.5511334139 0.5645878994 0.5784868379 0.5943645986 0.6125607745 0.6253505411 0.634871588 0.644419805 0.6506038404 0.6539908847 0.6572358176 0.6615639315 0.6638600397 0.6661524485 0.6691171424 0.6738103519 0.6757425966 0.6758879532 0.6753532661 0.6756506881 0.6763770191 0.6778302709 0.6779064983 0.6796256232 0.6801661765 0.6788558613 0.6798205012 0.6802176471 0.6786256202 0.6768766225 0.6745968863 0.671651631 0.6685568121 0.6664759181 0.6645757025 0.6618312401 0.659642702 0.6584014001 0.6576082591 0.6561363748 0.6546518069 0.6528005109 0.6508999408 0.6487958005 0.64788177 0.6487967467 0.6497764968 0.6500778246 0.6503779359 0.6503275149 0.6493816777
0.5370222356 0.5553397634 0.5672827119 0.5839193229 0.5999806478 0.6160360735 0.6274468724 0.6362896807 0.6438950217 0.6499414603 0.6538945209 0.6589416489 0.6630449441 0.664702749 0.6672283646 0.6718514851 0.6766931529 0.6788603832 0.6775898326 0.6765510898 0.6782764263 0.6804377913 0.6814158415 0.6829799376 0.6845097882 0.6845066656 0.6835591574 0.6840709457 0.6840609366 0.6824605158 0.6803474102 0.6770148727 0.6740909575 0.6706857952 0.6679195655 0.6656695144 0.6639368475 0.661752815 0.6605083958 0.6603638575 0.6598578539 0.6586841287 0.657494466 0.6559267238 0.6544721856 0.6544911407 0.6560257956 0.6569872149 0.6569872149 0.6572980306 0.6572687946 0.6560113703
0.5406439127 0.5584040978 0.570761212 0.5869967892 0.602796227 0.6169023533 0.6264290602 0.6351899604 0.6425711661 0.6505332338 0.6558303136 0.6606305112 0.6650068678 0.6674269327 0.6692754719 0.674098376 0.6778591449 0.6790499987 0.6785133311 0.6801957327 0.6824968709 0.6852821923 0.6862306329 0.6884531623 0.6897822759 0.6889743657 0.6879997541 0.6877740095 0.687720938 0.6857440547 0.6832557393 0.6795797861 0.6759563713 0.6722219092 0.6701399646 0.6682230074 0.6664890594 0.6649597044 0.6646972593 0.6648567651 0.6649830253 0.6637950324 0.6622672316 0.660684912 0.659846207 0.6604769534 0.6622915397 0.6632236443 0.6638727207 0.6644850791 0.6638608336 0.6626339849
0.545211645 0.5625171692 0.5755917646 0.5903498344 0.6035778796 0.6170225182 0.625638601 0.6347365141 0.6414740661 0.6508974873 0.6583957967 0.6629812754 0.6671272486 0.6692777443 0.6713985609 0.6759137569 0.6799425721 0.6814189671 0.6828801336 0.6855883804 0.6884902942 0.6908315036 0.6916466831 0.6933167715 0.6930678169 0.692610053 0.6909232553 0.6895757901 0.6887830806 0.6861059066 0.6832726944 0.6796244817 0.6766994329 0.6733166622 0.6712536524 0.6696904064 0.6686246244 0.6677258415 0.667757821 0.6678946099 0.6679753923 0.666781901 0.6658921912 0.6646409193 0.6644280527 0.6650563767 0.6674624283 0.6686853744 0.6696131392 0.6705199669 0.6702179366 0.6693008012
0.5479564774 0.5635450979 0.5767308172 0.5902134634 0.6028096143 0.6162894064 0.6267850415 0.6377135464 0.6431622878 0.6524529896 0.6616163346 0.6654129623 0.6693303291 0.6716697598 0.6744570967 0.6783432018 0.6826683988 0.685273589 0.6886536941 0.6914293374 0.6934852889 0.6953775785 0.6961218464 0.696582414 0.6959295303 0.6954264269 0.692652019 0.690583354 0.6890668172 0.6860584675 0.6839304799 0.6809724625 0.6780480226 0.675330538 0.6735896892 0.6726693847 0.6715877249 0.6706728685 0.6706703569 0.6711016038 0.6711695653 0.6702858263 0.6693861011 0.6681313642 0.6676040532 0.6679138049 0.6699931765 0.6718225248 0.6733205599 0.6748017162 0.6750991872 0.6748017162
0.5491980191 0.5625457292 0.5767656053 0.5891609763 0.6022623537 0.6167173105 0.6286275372 0.6381610982 0.6451517565 0.6535611166 0.6623970857 0.6678822451 0.6715231291 0.6750795013 0.6789405055 0.6822758993 0.6868160266 0.6896467775 0.6931915842 0.6947526337 0.6967992797 0.6982832041 0.6993359537 0.7000999249 0.6997539403 0.6974397052 0.6946425711 0.6918662378 0.6899850315 0.6879804311 0.6858272495 0.6832136205 0.6806367637 0.6785717169 0.6774646372 0.6771702694 0.6760610067 0.6751284183 0.6747816543 0.6748612628 0.6749030489 0.6740273042 0.6734339545 0.6721807177 0.6716300749 0.6718973386 0.6742412946 0.6763452651 0.6775552597 0.6787377296 0.6796403415 0.6793453755
0.5471589595 0.5605444578 0.5755106055 0.5882239717 0.6023770458 0.6178713996 0.6307353968 0.6378305818 0.645152926 0.6537190077 0.6642634745 0.6708874708 0.6757308468 0.6787345879 0.6828329333 0.6856113103 0.6894763933 0.6930656449 0.6960631539 0.6979969534 0.700453966 0.7018718191 0.7028349821 0.7038850471 0.7031018263 0.7003943769 0.6965216404 0.6937306568 0.6914828246 0.6894916396 0.6883502275 0.6873775516 0.6851146227 0.6830365212 0.6809440935 0.6802972181 0.6794703404 0.6788347866 0.6787765439 0.6794689168 0.6791900224 0.6785832882 0.6779581453 0.6766801876 0.6761170176 0.6766782288 0.6786995272 0.6804857814 0.681680615 0.6831526011 0.6837372533 0.6843209747
0.545973149 0.5601190829 0.5744675978 0.5894245072 0.6040960432 0.6198474743 0.6313754248 0.637742759 0.6458199415 0.655610346 0.6672777586 0.6746873637 0.6794373958 0.6830168954 0.6857390285 0.6880448553 0.6910657685 0.6965457423 0.6999292884 0.702238351 0.704573764 0.7062380881 0.7085263475 0.7094334427 0.706137589 0.702699654 0.6991620115 0.6960440023 0.6938139085 0.693132377 0.69163607 0.6903137274 0.6880276494 0.6862508827 0.6841549394 0.6844391299 0.6839022397 0.6829255636 0.6828405459 0.6831920511 0.6834889071 0.6831506829 0.6818993512 0.6809162299 0.6800401455 0.6805833578 0.6828703672 0.6846314755 0.6861042692 0.6875670908 0.6884417836 0.689019404
0.5439463551 0.55939272 0.5753956231 0.5925974511 0.6074894035 0.619979785 0.6295207548 0.6378512272 0.6472288636 0.6592928624 0.6713244513 0.6781547351 0.683298969 0.6871278954 0.6889518058 0.690402849 0.6949981836 0.7007621688 0.7043975351 0.7071158806 0.7107515714 0.7126241769 0.7143922037 0.7127248546 0.7093958985 0.7052756054 0.7017581841 0.6986545891 0.696745092 0.6963403799 0.6951251604 0.6940813882 0.692430261 0.6906318296 0.6891402447 0.6890587855 0.6888056775 0.687786972 0.6873616283 0.6873595051 0.6876181466 0.6878513815 0.6868791295 0.6855829523 0.6849805142 0.6852157879 0.6874913943 0.6892347212 0.6906931422 0.6918547363 0.6927210991 0.6932931159
