inst/examples/data/000_canopy.asc
NCOLS 100
NROWS 100
XLLCORNER 212461.033821
YLLCORNER 9753254.946558
CELLSIZE 50
NODATA_VALUE NaN
[rows 23 to 45 of 100, columns 0 to 51 of 100]
0.0318702277 0.0318702277 0.0265635947 0.0191446126 0.0333128075 0.0352190737 0.0288820266 0.033931056 0.0324884762 0.0319732691 0.0373829435 0.0200719854 0.0255847012 0.0232662693 0.0174444293 0.0223388966 0.0316126241 0.0324369555 0.0224934587 0.0316126241 0.0206387132 0.0236269143 0.0321278312 0.0342401803 0.0248118906 0.0247603699 0.0200204647 0.0227510622 0.0354766773 0.0245027663 0.0305306892 0.0205356718 0.0239360385 0.0333128075 0.0288820266 0.0351160323 0.0315611034 0.0332097661 0.0264605533 0.0205356718 0.0234208315 0.0338795353 0.0232662693 0.0246573285 0.0329006418 0.0225965001 0.0196598197 0.0387740026 0.0263575119 0.0222358552 0.0266151154 0.0381042334
0.0352190737 0.0237299557 0.0290881094 0.0243997249 0.0336734525 0.024914932 0.0226995415 0.0205356718 0.0355797187 0.0221328137 0.0222873759 0.0256877426 0.0209993582 0.0245027663 0.0303246064 0.0264605533 0.0207932753 0.0308398135 0.023678435 0.021205441 0.0212569617 0.0234208315 0.0344977838 0.0354251566 0.0334158489 0.0191961334 0.0241936421 0.0339825767 0.0319732691 0.0216691274 0.0218236895 0.02403908 0.0219267309 0.0242451628 0.0324884762 0.0346523459 0.0230601865 0.0272333639 0.022802583 0.0263575119 0.0283152988 0.1398917779 0.0731784912 0.1669045197 0.1538074327 0.0219267309 0.1210647153 0.1272039749 0.1652673838 0.125566839 0.0296033165 0.0211539203
0.0223904173 0.0222358552 0.0227510622 0.0233693108 0.0197628611 0.0254816598 0.0282637781 0.0248634113 0.0319217484 0.0218752102 0.027387926 0.0346008252 0.0194022162 0.0330036833 0.0243997249 0.0202265475 0.0201750268 0.0194537369 0.0340856181 0.0249664527 0.0238329971 0.0247088492 0.0193506955 0.0209993582 0.038877044 0.0301700443 0.0232662693 0.022441938 0.0217721688 0.0225965001 0.0190930919 0.0283152988 0.0246573285 0.0253786184 0.023678435 0.0215145652 0.0212569617 0.0177535535 0.0248118906 0.0192991748 0.0355797187 0.1689509395 0.1943265455 0.1312968145 0.1448031855 0.1464403213 0.150123877 0.1685416556 0.0699042194 0.0817734545 0.0207417546 0.0326430383
0.0245027663 0.0356827601 0.0290365887 0.0205871925 0.0230086658 0.0191446126 0.0322823933 0.0257392633 0.0228541037 0.0161564115 0.0200719854 0.0320247898 0.0234208315 0.0272848846 0.0231632279 0.0242966835 0.0272333639 0.0353736359 0.0351160323 0.0209478374 0.0225449794 0.0232662693 0.0238329971 0.0337764939 0.0303246064 0.0239360385 0.0223904173 0.0270272811 0.0262029497 0.0242451628 0.0316641448 0.0204841511 0.0275940089 0.0252240563 0.0228541037 0.0269757604 0.0205871925 0.0316641448 0.0250179734 0.0169292222 0.0274909674 0.0250694941 0.1259945822 0.1409130597 0.1476681732 0.1010098009 0.0226995415 0.1181997276 0.0580349844 0.1341618023 0.152690805 0.1102909217
0.0246058078 0.0257392633 0.0245027663 0.0317671863 0.0272333639 0.0231632279 0.0182172399 0.020844796 0.0226995415 0.027387926 0.0282122574 0.0243482042 0.032333914 0.0329006418 0.0232662693 0.0348584288 0.0255847012 0.0206387132 0.0319217484 0.0205871925 0.0185778849 0.0378466299 0.0278000917 0.021566086 0.0256877426 0.0234723522 0.0225965001 0.0335188903 0.0291396301 0.0239360385 0.0264090326 0.0213600031 0.0269242396 0.0145592696 0.0202780682 0.0186294056 0.0194022162 0.0221843345 0.0224934587 0.0174444293 0.0233693108 0.1259945822 0.1310982719 0.13580937 0.1517610129 0.1808201746 0.1389501021 0.1279575398 0.101261317 0.1038747887 0.1432686087 0.1118612878
0.0195052576 0.0221843345 0.0198143819 0.0259968669 0.0348584288 0.0247088492 0.0226995415 0.0260999083 0.0336734525 0.0309428549 0.0207417546 0.0239875593 0.021205441 0.0211023996 0.0228541037 0.0288305059 0.0250694941 0.0354251566 0.0192991748 0.0338280146 0.0241936421 0.0246058078 0.0232147486 0.0201235061 0.0315611034 0.0202265475 0.0221843345 0.0203295889 0.0255847012 0.0317671863 0.0252240563 0.0229056244 0.0260999083 0.0301700443 0.0214115238 0.035528198 0.0263059911 0.0226480208 0.0177535535 0.0258938255 0.0322308726 0.1562241286 0.2496609085 0.1130390623 0.1475871154 0.134239004 0.1581870862 0.1318834549 0.1621130013 0.1193205265 0.1432686087 0.1393426936
0.0243997249 0.0230086658 0.0180111571 0.0231117072 0.0307882928 0.019968944 0.0323854348 0.0230086658 0.0289335473 0.0241936421 0.0251725356 0.0229571451 0.0226480208 0.0247603699 0.032694559 0.0322308726 0.0326430383 0.0222873759 0.0337764939 0.0321793519 0.0297063579 0.0356312394 0.0284698609 0.0234208315 0.0287274644 0.0216176067 0.0246573285 0.0229056244 0.0321793519 0.0246058078 0.0335188903 0.0214630445 0.0336734525 0.0230086658 0.0255331805 0.0331067247 0.0326430383 0.0274909674 0.0291911508 0.1173575689 0.2264980093 0.1534759881 0.1326686379 0.1244242162 0.1436612003 0.1601500438 0.1346315955 0.1581870862 0.1719277891 0.119713118 0.0238329971 0.175499483
0.0186294056 0.0234723522 0.022441938 0.0252240563 0.02403908 0.018732447 0.0210508789 0.0264605533 0.0200719854 0.0324369555 0.0221328137 0.0219267309 0.0246058078 0.0268211982 0.0220297723 0.0218236895 0.02331779 0.0216691274 0.0342401803 0.0282122574 0.0203811097 0.0249664527 0.020844796 0.0188354884 0.0239360385 0.0206902339 0.0230601865 0.0296033165 0.0184233227 0.0279546538 0.0225965001 0.0215145652 0.0337764939 0.0267181568 0.0226995415 0.0236269143 0.0311489378 0.0244512456 0.0247088492 0.1314908634 0.1413056512 0.1613278183 0.103616866 0.0325399969 0.2225720942 0.2520164576 0.023678435 0.0206387132 0.0225965001 0.2098793363 0.1460310374 0.1464403213
0.0213084824 0.032694559 0.0242966835 0.0290881094 0.0185778849 0.0280576952 0.0339825767 0.0319217484 0.0338795353 0.021566086 0.0207417546 0.022802583 0.0240906007 0.0255847012 0.0227510622 0.0337249732 0.0321793519 0.0184233227 0.0168777015 0.0324884762 0.0324369555 0.0270788018 0.0214630445 0.0344977838 0.0230601865 0.0333643282 0.0291396301 0.0213084824 0.0383103162 0.0239360385 0.0215145652 0.0246573285 0.0237299557 0.0236269143 0.0353736359 0.0225449794 0.0239360385 0.0219782516 0.0279031331 0.1452315663 0.1185353435 0.1267797652 0.1208908926 0.0269757604 0.02403908 0.0473936012 0.1022376528 0.0226995415 0.0274909674 0.1849130143 0.1357989382 0.2190387706
0.0219267309 0.0330036833 0.0269757604 0.0228541037 0.0231632279 0.019608299 0.0393922511 0.0236269143 0.0219267309 0.02331779 0.0259453462 0.0208963167 0.0256877426 0.028624423 0.0241421214 0.0211023996 0.0209993582 0.031097417 0.0340340974 0.0202265475 0.02331779 0.0252240563 0.0218752102 0.0357342808 0.0356312394 0.0194022162 0.0327976004 0.0230086658 0.0254816598 0.0204326304 0.0203811097 0.0324369555 0.0220297723 0.0188354884 0.0213084824 0.0276455296 0.0361979672 0.0344977838 0.0217721688 0.1558315371 0.1287427228 0.103616866 0.1252093992 0.0254816598 0.0207417546 0.0239360385 0.0920055537 0.031097417 0.138254642 0.1194275795 0.1096047643 0.136594553
0.0317156655 0.0239360385 0.0182687606 0.0339825767 0.0241421214 0.0239360385 0.0226480208 0.0179596363 0.0235238729 0.021205441 0.0209993582 0.0230086658 0.0310458963 0.0325399969 0.0352705944 0.039237689 0.0229571451 0.0316641448 0.0328491211 0.0259453462 0.017135305 0.0321278312 0.0229056244 0.0335188903 0.0208963167 0.0342401803 0.0332612868 0.02331779 0.0234723522 0.0346008252 0.0250694941 0.0268727189 0.0184233227 0.0341886596 0.0222358552 0.0229056244 0.0345493045 0.0315095827 0.0278000917 0.0223904173 0.0234208315 0.0234723522 0.1366175061 0.1272039749 0.2066050646 0.1304782466 0.1120604681 0.1615838281 0.137436074 0.1267797652 0.183312943 0.2622238369
0.0190930919 0.0234208315 0.0295002751 0.0243997249 0.0235753936 0.02331779 0.0300154822 0.0254816598 0.0247088492 0.0219267309 0.0258423048 0.0319217484 0.02403908 0.0214630445 0.0226480208 0.0221843345 0.0257907841 0.0295002751 0.020844796 0.02331779 0.0219782516 0.0354766773 0.0192991748 0.0260483876 0.0228541037 0.0224934587 0.0318702277 0.0269242396 0.0284698609 0.0321793519 0.0201750268 0.0162079323 0.0211023996 0.0333643282 0.0213600031 0.0263575119 0.0178050742 0.0254816598 0.0362494879 0.1300689626 0.16281168 0.1177904436 0.1312968145 0.0613092561 0.2111071882 0.0191961334 0.0324369555 0.1173575689 0.1585796777 0.1169649774 0.2190387706 0.032694559
0.0203811097 0.0335188903 0.0216691274 0.0270272811 0.0197628611 0.0239360385 0.023678435 0.0220297723 0.0253786184 0.0194022162 0.0351160323 0.0200719854 0.0327460797 0.0232662693 0.0267696775 0.0329006418 0.022802583 0.0192991748 0.0333643282 0.0225449794 0.0251210148 0.0222873759 0.0207417546 0.0242966835 0.0309428549 0.0212569617 0.0214115238 0.0233693108 0.0245027663 0.0217721688 0.0186809263 0.0321278312 0.0246573285 0.0349099495 0.0212569617 0.0197113404 0.0219267309 0.0242966835 0.0238329971 0.137845358 0.0707227873 0.0192476541 0.1828665944 0.0989633811 0.1529888648 0.1181997276 0.08750343 0.0989633811 0.1098983302 0.1326686379 0.1703574231 0.1381649191
0.0378981506 0.0228541037 0.0192991748 0.031818707 0.0219267309 0.0242966835 0.0226480208 0.018732447 0.0213600031 0.0255847012 0.0221328137 0.022802583 0.0237299557 0.0218236895 0.0239360385 0.0266151154 0.0337249732 0.0217206481 0.0340856181 0.0245027663 0.0203295889 0.0248118906 0.0217206481 0.0311489378 0.0243997249 0.0301185236 0.0189900505 0.0216691274 0.0198143819 0.0248118906 0.0185778849 0.0354251566 0.0203811097 0.0206902339 0.0192476541 0.0228541037 0.0329006418 0.0242966835 0.0187839677 0.0258938255 0.0226995415 0.0206902339 0.0233693108 0.1362019615 0.1373797361 0.0793177507 0.1079676284 0.2186461791 0.1275649483 0.0347553874 0.1440537918 0.168787057
0.0374859849 0.0189385298 0.0214115238 0.0369707778 0.0349099495 0.0196598197 0.0387224819 0.0260999083 0.0214115238 0.0205356718 0.0325399969 0.0274909674 0.0296548372 0.0363010086 0.0200204647 0.0267181568 0.021205441 0.0222358552 0.0250694941 0.0238845178 0.0262544704 0.0188870091 0.0198143819 0.02331779 0.0270272811 0.0308398135 0.0209478374 0.0226995415 0.0288820266 0.0333643282 0.0242451628 0.0290365887 0.0289335473 0.0221843345 0.0232147486 0.0207932753 0.0201750268 0.0254816598 0.0220297723 0.0197113404 0.1677230876 0.1046933566 0.0263575119 0.1236390331 0.1483722984 0.1169649774 0.13580937 0.1216760756 0.1742833382 0.1287427228 0.1460167493 0.1157872029
0.0207932753 0.0212569617 0.0226480208 0.0213084824 0.0260999083 0.026151429 0.0243997249 0.0185778849 0.0197628611 0.0340340974 0.0186294056 0.0211539203 0.0229571451 0.0258423048 0.0214115238 0.0257392633 0.0332612868 0.0266666361 0.0231117072 0.0223904173 0.0314065413 0.031458062 0.0319732691 0.0324884762 0.0231117072 0.0225449794 0.0231117072 0.0190930919 0.0189385298 0.0292941922 0.0216176067 0.0206387132 0.0348069081 0.022802583 0.0320763105 0.0327460797 0.0322823933 0.0254301391 0.0204326304 0.0309943756 0.1943265455 0.1337525183 0.1059212086 0.1415289137 0.1992379531 0.103616866 0.2300313329 0.1346315955 0.1201057095 0.1558315371 0.1398917779 0.0216176067
0.0194022162 0.0217206481 0.0244512456 0.0310458963 0.0202780682 0.0312004585 0.0312004585 0.0201750268 0.0339825767 0.0347553874 0.0201750268 0.0257392633 0.0200719854 0.0218752102 0.0241421214 0.0299639615 0.0223388966 0.0205356718 0.0198659026 0.0321793519 0.0217721688 0.0347553874 0.0216691274 0.0247603699 0.0299124407 0.0317156655 0.0244512456 0.0254816598 0.0215145652 0.019968944 0.0223388966 0.0269757604 0.0200719854 0.0234208315 0.0242966835 0.0247603699 0.0235238729 0.0310458963 0.0216691274 0.100600517 0.1165625917 0.0969169613 0.1141068879 0.0764527629 0.0809548865 0.1157872029 0.1224612586 0.0326430383 0.2461275849 0.2335646565 0.1227018512 0.023678435
0.0287789852 0.0287789852 0.0217206481 0.0184748434 0.0193506955 0.0241936421 0.0178050742 0.0215145652 0.0317671863 0.0228541037 0.0237299557 0.0231632279 0.0237299557 0.0208963167 0.0253786184 0.0287274644 0.0228541037 0.0240906007 0.022441938 0.02331779 0.0219782516 0.0320763105 0.028624423 0.0219782516 0.0232147486 0.021205441 0.0223904173 0.0205356718 0.0340856181 0.0361464465 0.0243482042 0.0195052576 0.034291701 0.0267696775 0.027387926 0.0221843345 0.0188870091 0.0226995415 0.022081293 0.0270788018 0.0234208315 0.1599466923 0.1247482711 0.1460167493 0.1102909217 0.2335646565 0.1401278766 0.0231632279 0.1169649774 0.1173575689 0.1157440238 0.1326686379
0.0232147486 0.0241936421 0.025275577 0.0239360385 0.0323854348 0.0250179734 0.0225449794 0.0243482042 0.0343947424 0.0177535535 0.022441938 0.0232147486 0.0236269143 0.0241421214 0.0309943756 0.021205441 0.0254816598 0.0239875593 0.0202265475 0.0263575119 0.0264090326 0.023678435 0.0265635947 0.0268211982 0.0228541037 0.0226995415 0.0258423048 0.0203295889 0.0323854348 0.0201750268 0.0238845178 0.0255847012 0.0285213816 0.0216176067 0.0253270977 0.0217206481 0.027387926 0.031818707 0.1145161719 0.1218832833 0.0312004585 0.1619931121 0.1243389871 0.1786018448 0.119713118 0.1299204973 0.2457349934 0.1801722109 0.136594553 0.1318834549 0.1389501021 0.136594553
0.0316126241 0.024554287 0.0187839677 0.0355797187 0.0263575119 0.0211023996 0.0222873759 0.0226995415 0.0199174233 0.0318702277 0.0225449794 0.0198659026 0.0191961334 0.0166716186 0.0350129909 0.0158472873 0.0262029497 0.0357342808 0.0183202813 0.0219782516 0.0250694941 0.0263575119 0.0317156655 0.0249664527 0.0291396301 0.1533981488 0.1624023961 0.099781949 0.1538074327 0.0229056244 0.0200719854 0.0316126241 0.0360949258 0.024914932 0.0239875593 0.0315611034 0.0266151154 0.0216176067 0.1664952357 0.1411196298 0.1390732099 0.0940519735 0.125566839 0.1102909217 0.1310982719 0.2080462082 0.1570093117 0.0996909509 0.1307056804 0.233957248 0.1248168077 0.0957650358
0.0268727189 0.0334673696 0.0333128075 0.0296033165 0.022081293 0.0196598197 0.020844796 0.0265635947 0.0270272811 0.0329521626 0.0295002751 0.0224934587 0.0205871925 0.0230601865 0.0347038666 0.0222358552 0.022081293 0.0260999083 0.0220297723 0.0316126241 0.0299639615 0.0250179734 0.0361979672 0.0360949258 0.0240906007 0.1423474817 0.0977355292 0.0993726651 0.1202461474 0.0254301391 0.0348584288 0.1828665944 0.1664952357 0.0365586122 0.031818707 0.019968944 0.0186809263 0.0184748434 0.1513517289 0.2102886203 0.1321153825 0.1476681732 0.1231111352 0.2347424311 0.1401278766 0.0686763675 0.1346315955 0.1279575398 0.1479797069 0.0186809263 0.1488960251 0.0219782516
0.0267181568 0.0214630445 0.0287789852 0.0264090326 0.0204841511 0.0238329971 0.0262029497 0.0243482042 0.0214630445 0.0238845178 0.033931056 0.0223388966 0.0348069081 0.0263575119 0.0267696775 0.0229571451 0.0208963167 0.0334158489 0.0231632279 0.0230601865 0.0318702277 0.019608299 0.0310458963 0.0299639615 0.0225449794 0.1026469368 0.1701787914 0.2160185958 0.1247482711 0.1042840727 0.1525795808 0.1231111352 0.1959636814 0.1042840727 0.0948705414 0.1648580999 0.0206387132 0.0250179734 0.1042840727 0.1791830387 0.1443939015 0.1210647153 0.1488960251 0.1122538793 0.1652673838 0.1247482711 0.1216760756 0.1593648607 0.1439846175 0.1877780021 0.2033307928 0.0352705944
0.0200204647 0.0191961334 0.0240906007 0.0219267309 0.0292941922 0.0211539203 0.0171868257 0.0248118906 0.1693602235 0.1517610129 0.0185263641 0.0350645116 0.0269242396 0.0315611034 0.0234723522 0.023678435 0.0215145652 0.1432686087 0.1424834257 0.1681323716 0.2041493608 0.1779551868 0.0337764939 0.0250694941 0.0262029497 0.1267946909 0.0842291583 0.1206554314 0.1570817045 0.1431660496 0.0956891094 0.1673138037 0.1955543974 0.1705880754 0.1493053091 0.11328832 0.0331067247 0.0198143819 0.0251725356 0.0249664527 0.1664952357 0.1063304925 0.1030562208 0.1428760172 0.1118612878 0.0288820266 0.1444463833 0.1409130597 0.1488960251 0.1517610129 0.1493053091 0.163220964
