inst/examples/data/000_beetlesRichness.asc
NCOLS 100
NROWS 100
XLLCORNER 212461.033821
YLLCORNER 9753254.946558
CELLSIZE 50
NODATA_VALUE NaN
[rows 23 to 45 of 100, columns 0 to 50 of 100]
14.0963583969 13.7953972684 13.9673750561 5.1535134337 16.9769863418 18.4817919846 14.741275101 12.5485583071 15.7731418275 18.3098141969 15.8161362745 15.3431973581 14.5692973133 18.5247864316 7.9481524847 19.0407197948 20.1585754152 14.05336395 13.7524028214 15.9881140622 13.5374305867 17.3209419173 18.0088530683 15.1282251234 8.1201302725 14.6552862071 14.0103695031 11.4736971337 14.4833084194 8.8080414235 15.6011640398 14.2253417377 15.6441584867 5.7984301378 16.5040474255 16.805008554 5.669446797 16.117097403 15.5581695928 18.0518475153 18.1378364091 13.7524028214 5.7554356909 18.2668197499 12.3335860725 14.3973195255 15.0852306765 15.0422362296 14.5692973133 16.117097403 6.8732913113
15.429186252 16.3750640847 8.3351025072 15.0852306765 15.3431973581 17.5789085989 16.7190196602 17.7508863867 15.5151751459 8.8080414235 15.6441584867 12.3765805194 15.6441584867 7.4752135684 17.9658586214 16.805008554 7.3462302276 14.6552862071 14.5263028663 13.4084472459 13.6234194806 2.4878577236 18.5677808785 14.1823472908 7.5612024623 18.6537697724 8.2061191664 16.4610529785 17.8798697275 15.7301473806 11.7316638153 9.151996999 18.4817919846 11.3877082398 15.6871529336 9.5389470215 14.2683361847 13.365452799 14.9992417826 19.2556920295 7.6471913562 5.5124732899 10.6241052438 11.9754562201 14.9131757338 11.3877082398 4.6311574358 0.9296308486 3.1035432887 7.6276313398 16.9769863418
14.9132528888 18.0518475153 12.8495194357 8.9370247643 13.4084472459 17.3639363642 14.3543250786 12.9355083296 7.3892246745 16.4180585316 11.9896304969 16.6760252132 6.400352395 16.848003001 13.2794639051 8.3780969541 15.429186252 13.5374305867 13.2794639051 17.0199807887 15.0852306765 7.1742524399 8.464085848 14.741275101 19.0407197948 11.7316638153 15.5581695928 19.7286309459 19.642642052 16.2460807438 19.1697031357 17.8798697275 16.117097403 8.0341413786 19.8576142867 9.7109248092 15.6871529336 16.7190196602 3.8636800256 13.0214972235 15.9021251683 6.1587715829 9.1552454869 17.3272941447 10.8003684146 13.6205791477 16.1470179295 6.9813330468 3.1061254284 7.2751049981 18.4387975377
20.1585754152 14.5263028663 21.018464354 14.1823472908 7.6041969092 7.8621635909 9.2809803398 6.400352395 17.1489641296 16.3750640847 6.2713690541 13.9243806092 5.0675245399 11.9036416031 13.5804250337 14.3973195255 13.1934750112 14.3543250786 16.848003001 17.2349530234 9.1090025521 7.8621635909 15.6011640398 5.0245300929 18.5677808785 8.7220525296 15.7301473806 15.6011640398 9.4529581276 17.2779474704 16.9339918949 14.3543250786 11.0867471112 12.634547201 9.9258970439 17.9228641744 17.7078919398 9.9688914908 9.6679303623 15.429186252 18.0948419622 14.7842695479 2.2081373996 2.0990943691 6.50560799 11.5641754882 14.1823472908 10.9766315854 14.0411276684 10.3303332924 4.3417420387
5.9704079256 8.2061191664 22.437281103 6.5293357358 13.9673750561 6.4863412888 19.0407197948 5.8844190317 4.8525523052 16.4610529785 20.5885198846 4.3796133889 17.0629752357 5.5404634562 16.16009185 15.9451196153 14.9132528888 8.5070802949 8.2921080602 8.8510358704 12.2475971786 9.151996999 16.9339918949 17.1489641296 10.4848248541 15.9451196153 10.6568026419 20.9324754601 8.5930691888 21.706375505 16.6330307663 8.5930691888 19.7286309459 17.1489641296 6.8732913113 14.6552862071 7.4322191215 18.6107753255 18.3528086438 10.3558415133 15.6441584867 2.4120849018 1.8473072032 1.6603674523 9.6784583809 19.2022462238 1.3139060434 2.3963966324 1.8419096247 10.0750646798 1.9024236822
14.741275101 13.8813861622 14.8272639949 16.7620141071 18.9977253479 17.9658586214 16.5040474255 14.1393528439 16.3320696377 18.223825303 17.3209419173 18.911736454 5.1535134337 12.634547201 14.7842695479 20.2875587561 15.5581695928 15.0422362296 18.223825303 14.741275101 6.8302968643 14.7842695479 20.8464865663 8.0341413786 15.429186252 13.322458352 10.4418304072 15.3002029112 12.2046027316 17.9228641744 11.8176527092 13.4084472459 18.6107753255 16.7190196602 22.2223088683 21.2764310356 16.4180585316 10.9577637704 14.0963583969 10.0548803847 12.0326249439 5.3928560889 2.6739779153 2.1596084266 1.7813955672 1.327540136 2.7193634584 1.7813955672 0.5711144173 0.9530758471 1.1099585412
8.4210914011 20.9324754601 10.2268581725 17.7938808336 7.8191691439 15.3002029112 14.6122917602 14.1823472908 14.8272639949 21.706375505 18.0088530683 14.9992417826 19.7716253928 4.981535646 14.0963583969 17.4499252581 14.3973195255 14.9562473357 7.9051580378 14.7842695479 18.5677808785 13.4944361398 5.4114801154 10.570813748 17.9228641744 14.7842695479 9.7969137031 5.3684856684 10.6568026419 8.5500747419 16.0741029561 17.2779474704 18.0948419622 16.16009185 14.741275101 12.5915527541 13.6234194806 19.2986864765 15.0422362296 1.3452825822 1.2668412352 2.0041898973 2.5846558653 0.6863752672 2.2395139384 2.7258502899 1.2511529658 2.3650200936 1.8159306644 0.0274679522 10.6138081949
15.2572084643 17.4499252581 17.5789085989 7.9051580378 19.3416809234 16.16009185 14.9562473357 19.6856364989 15.429186252 6.9162857582 9.2809803398 15.0852306765 10.3988359602 20.1155809683 10.9147693235 13.6234194806 16.6330307663 13.4514416929 20.330553203 15.7731418275 15.8161362745 18.3528086438 15.2572084643 15.6441584867 14.2683361847 13.4514416929 16.8909974479 13.2364694582 13.6234194806 15.9451196153 16.4610529785 16.5470418724 13.1504805643 8.5930691888 9.0230136582 12.1616082847 5.1105189868 16.7190196602 15.3861918051 0.215727185 4.8524839851 4.3229859821 0.9216993083 16.5040474255 4.6711956963 4.8751431985 7.3462302276 12.634547201 16.5900363194 5.9237540218 2.751016947
7.8621635909 5.0675245399 16.0741029561 17.1059696826 18.5247864316 7.776174697 19.4706642642 13.0644916704 11.6886693684 13.7953972684 20.7604976724 4.5515911766 13.0644916704 16.6330307663 14.7842695479 7.5182080154 10.4848248541 17.6648974928 13.0644916704 14.6122917602 15.0422362296 19.7286309459 19.9865976275 11.7316638153 14.5692973133 5.1965078807 17.2349530234 19.1697031357 16.5040474255 16.6760252132 13.5804250337 13.1934750112 19.4706642642 19.5566531581 13.5804250337 11.6886693684 7.6471913562 19.9865976275 14.741275101 2.2708904772 1.6301104235 0.8434276761 5.0163376232 17.4499252581 16.2030862969 12.7392632936 5.9237540218 7.4322191215 16.16009185 7.0988418273 7.1855045024
8.5930691888 15.0422362296 17.7508863867 20.1155809683 17.0199807887 13.4514416929 18.6537697724 7.3892246745 16.8909974479 18.0088530683 17.8368752806 8.0341413786 20.9754699071 6.9162857582 17.5789085989 15.1712195704 15.8161362745 14.3543250786 15.5151751459 16.8909974479 19.9865976275 17.7078919398 8.2491136133 21.1044532479 10.527819301 14.3543250786 18.223825303 19.0837142418 19.2126975826 16.0741029561 7.776174697 11.258724899 8.6360636358 13.9673750561 13.2794639051 14.6982806541 18.6107753255 14.1393528439 16.5040474255 2.1767608607 2.0826312443 2.4277731712 3.0239274087 7.776174697 19.6856364989 17.6648974928 6.1000171927 12.7205360949 4.8661749969 2.5747537762 10.415012936
18.9977253479 8.464085848 10.9577637704 15.2142140173 15.5581695928 20.3735476499 20.5885198846 6.1853801603 4.2076356011 18.0088530683 12.0756193908 19.5136587112 13.6234194806 6.8732913113 17.9658586214 15.3002029112 14.4403139724 5.2824967746 18.4387975377 16.5470418724 17.9228641744 11.7746582623 19.5566531581 9.5389470215 18.3098141969 6.357357948 20.8034921193 11.2157304521 12.677541648 19.3416809234 16.9339918949 17.6648974928 19.6856364989 16.2890751908 8.2491136133 15.9021251683 19.1267086887 5.9704079256 8.0771358256 18.3528086438 21.4914032703 12.7205360949 9.390263048 7.8626489009 5.101192558 10.9178771951 7.8038945106 8.3914384134 1.3409115805 2.6285923722 2.8356681758
14.9562473357 8.5070802949 11.7746582623 12.8495194357 17.6648974928 18.223825303 14.7842695479 18.5677808785 20.9754699071 13.4084472459 16.848003001 10.0118859378 17.7938808336 14.9992417826 14.3543250786 15.472180699 12.5915527541 12.634547201 13.5804250337 7.9911469317 19.8576142867 15.2572084643 13.6234194806 6.400352395 6.357357948 7.8621635909 14.6552862071 21.9213477397 13.1934750112 14.3973195255 14.6552862071 10.3558415133 14.2253417377 7.2602413337 9.6679303623 16.6330307663 14.1823472908 21.8353588458 13.6234194806 19.4372637849 5.6887364607 9.2727542675 11.6816842687 9.2818520821 5.6887364607 8.9800192113 8.2921080602 1.3609708517 1.7511385385 1.9175521966 0.6549987284
16.0741029561 18.0088530683 16.4610529785 16.4180585316 13.7094083745 18.4817919846 5.2824967746 6.400352395 13.9243806092 15.9881140622 14.05336395 18.0518475153 13.7094083745 15.0422362296 13.5374305867 15.9451196153 19.0407197948 16.117097403 14.1393528439 17.4929197051 19.2126975826 17.1489641296 19.0837142418 12.7205360949 10.3128470664 7.3032357807 9.9258970439 13.7524028214 14.7842695479 11.8606471561 14.1823472908 16.8909974479 19.8146198397 7.8621635909 6.8302968643 20.7175032254 16.16009185 14.741275101 18.1808308561 3.2210520692 10.682859634 13.8383917153 1.5759291416 8.8614735355 3.9848591428 11.8579474395 9.9778069508 11.9167018298 2.5375910571 2.9925508698 1.219776427
14.741275101 13.365452799 6.6583190766 12.9355083296 6.4433468419 16.2890751908 17.6219030459 9.9688914908 10.4848248541 12.9785027765 6.7873024174 10.570813748 16.9769863418 13.7953972684 15.429186252 8.3351025072 14.0103695031 16.6760252132 14.3113306316 16.2460807438 18.8257475601 14.7842695479 15.9451196153 13.7953972684 15.2142140173 12.0756193908 10.527819301 17.2349530234 15.6871529336 8.7650469766 16.5470418724 21.2334365887 13.322458352 10.6997970888 18.954730901 16.8909974479 19.3416809234 16.2890751908 13.0644916704 14.6982806541 17.535914152 18.4817919846 15.9451196153 0.1059092992 2.4621787141 15.1742885223 7.7520849293 1.5544678516 4.6711956963 6.4863412888 0.3569216097
16.6330307663 19.8146198397 16.2890751908 15.3002029112 8.7220525296 8.2061191664 18.0518475153 16.848003001 12.7635305418 11.4307026867 20.8894810132 5.3254912215 17.4499252581 11.5166915806 18.8257475601 15.1712195704 16.3750640847 14.2253417377 12.4195749663 16.0311085092 7.776174697 12.8495194357 23.125192254 14.6982806541 8.1631247194 16.5470418724 7.9051580378 8.3351025072 18.911736454 14.7842695479 13.6664139275 15.5151751459 7.2172468868 14.8702584418 15.6871529336 15.7731418275 12.5485583071 8.4210914011 15.0422362296 19.9006087336 13.679333538 12.386736952 16.5900363194 2.2708904772 5.2004398157 2.2352509985 1.0098413342 0.7677851042 1.7374893174 0.0117796828 1.0158289247
5.7554356909 10.0978748317 7.3892246745 14.8702584418 15.2142140173 15.3431973581 16.7190196602 12.5055638602 13.1934750112 15.9881140622 5.5834579031 13.7524028214 15.7301473806 22.9962089132 12.7205360949 18.4387975377 12.4195749663 16.3750640847 18.5247864316 10.527819301 13.9243806092 7.4752135684 18.0088530683 11.6456749214 17.8798697275 14.9992417826 15.6011640398 9.9688914908 17.6648974928 15.0852306765 11.1297415582 15.429186252 8.8080414235 14.3973195255 7.1312579929 10.7857859827 12.677541648 15.8161362745 20.1155809683 14.8702584418 6.3350347538 12.9742808547 14.1493686602 10.6241052438 7.6954268866 1.932680711 5.0320258926 1.8943720114 2.5846558653 5.5030101032 7.7451401203
18.6537697724 16.5900363194 13.6664139275 16.5900363194 14.9562473357 5.4544745623 6.5723301827 12.7635305418 17.4069308112 4.5945856235 15.2572084643 21.1474476948 12.9355083296 15.3002029112 17.7508863867 8.9370247643 14.9562473357 14.2253417377 15.6441584867 20.5885198846 18.1378364091 11.5166915806 15.1712195704 20.8894810132 7.1742524399 14.4403139724 13.7094083745 10.9147693235 12.5055638602 15.5581695928 18.8257475601 5.9704079256 19.2986864765 18.3098141969 18.3958030908 14.3543250786 17.0199807887 8.464085848 13.322458352 7.8038945106 5.4537188997 15.7357371976 6.0523436485 11.3781996618 0.7831456779 1.2518975642 1.7688658562 14.2683361847 1.9257485503 2.5983353434 4.454894265
15.9881140622 14.741275101 13.4944361398 19.0837142418 22.1793144213 7.3892246745 17.4069308112 11.4736971337 13.9673750561 10.0978748317 15.3861918051 14.5263028663 21.5773921642 17.2349530234 8.2061191664 17.4069308112 11.3877082398 11.9036416031 16.3320696377 14.741275101 18.4817919846 8.5500747419 16.3320696377 13.2364694582 5.9274134786 14.6122917602 7.088263546 13.7953972684 8.0771358256 9.5819414684 20.8894810132 20.4165420969 15.8591307214 14.1823472908 13.1504805643 8.3780969541 4.6805745174 13.6664139275 21.4484088234 15.3431973581 13.7524028214 7.3926137787 10.584987064 2.2503795128 1.932680711 1.8872951679 1.6590479704 11.2157304521 1.2668412352 2.6588494009 3.5735784109
15.5581695928 9.7969137031 15.7301473806 16.5900363194 15.0852306765 19.1267086887 19.1697031357 10.570813748 19.599647605 12.0756193908 6.9592802052 19.3846753703 14.9132528888 15.7731418275 15.7731418275 10.3558415133 16.3750640847 4.5515911766 19.7716253928 20.2015698622 15.6441584867 14.6982806541 18.8687420071 18.5677808785 13.9673750561 12.9785027765 10.0118859378 15.6441584867 16.2460807438 10.1408692786 17.6219030459 18.954730901 8.5070802949 14.3543250786 5.0245300929 9.6249359153 11.8176527092 16.5900363194 16.7345618323 6.2762803635 8.5930691888 10.8003684146 1.3497261049 1.2367690498 1.9780662541 0.7980421329 2.1140077831 0.3882981485 5.0320258926 0.7072710467 0.7677851042
21.706375505 19.4276698173 13.2794639051 17.1489641296 18.5247864316 21.4484088234 10.9577637704 21.018464354 17.7938808336 19.8146198397 15.6871529336 15.8591307214 19.2986864765 14.6982806541 2.0579132542 7.776174697 6.9592802052 6.5293357358 19.9006087336 16.0741029561 5.1535134337 13.6234194806 16.2030862969 18.0948419622 11.1297415582 8.9202279258 12.8567720742 5.1599469483 9.5665262188 14.2253417377 9.7539192562 5.1535134337 17.7508863867 7.045269099 18.6967642193 11.3447137929 9.194991446 20.1585754152 7.0400874371 3.7498415817 9.9778069508 9.4490174383 9.3385101248 1.2518975642 1.2821545929 1.7662670529 0.2382871011 5.9871225632 1.6276714315 1.2825295046 0.6079339202
17.7078919398 6.0134023725 7.5182080154 19.7716253928 9.9688914908 13.9673750561 19.0837142418 12.5915527541 14.6122917602 16.4610529785 13.0214972235 19.2126975826 16.6760252132 15.0852306765 13.4944361398 7.2602413337 20.9754699071 8.8080414235 12.5055638602 4.3796133889 5.0245300929 6.5293357358 12.5915527541 19.2556920295 20.8034921193 5.9237540218 18.4037969559 1.5197002329 10.9766315854 12.2475971786 18.954730901 8.6852103647 9.6252806091 9.3239747868 6.9592802052 19.7716253928 16.3750640847 17.6219030459 19.9072989071 7.072188417 6.0523436485 3.5593897699 10.6416451067 0.2534156155 0.6921425323 3.729363898 1.4183112223 2.5983353434 2.1453843219 12.7635305418 9.5665262188
6.2713690541 10.3988359602 16.6760252132 7.3892246745 16.2890751908 14.6552862071 18.8257475601 14.3113306316 15.1712195704 15.8591307214 4.8525523052 16.16009185 17.7938808336 5.1965078807 6.2713690541 18.0088530683 8.0341413786 17.4069308112 14.8272639949 10.7857859827 8.9370247643 16.805008554 19.5136587112 15.429186252 10.8717748766 10.682859634 2.8794932576 3.3894156419 8.8614735355 8.2739296328 5.8062452413 0.4008413361 5.5712276802 4.7486662164 9.7427893897 18.1446671988 21.2334365887 12.1186138378 3.9848591428 6.1587715829 23.5500711041 14.6077080953 7.2988205878 5.2458253589 5.101192558 6.805069876 5.3301030113 1.6754959666 7.5688769495 4.7486662164 6.393789144
17.6648974928 17.9228641744 7.1312579929 16.2890751908 7.5612024623 4.6805745174 16.805008554 20.0295920744 8.2739296328 10.9178771951 14.3543250786 8.3780969541 14.2253417377 14.6982806541 17.0199807887 20.2015698622 14.2683361847 4.624130888 2.8356681758 15.5594740268 6.5700523149 1.6934379221 7.5612024623 15.7731418275 18.7397586663 19.9072989071 18.5559479308 10.1883807652 12.454702473 0.5565135071 7.2988205878 13.1345989853 12.8513087718 9.0552199113 12.3980444303 18.0271584183 17.6648974928 18.3958030908 17.4069308112 7.9911469317 0.5771045069 3.8993380261 2.992809343 1.448568251 0.5922456508 5.4114801154 2.4434614406 0.6921425323 7.4687947159 11.6614898752 3.3973152401
