inst/examples/data/000_canopy.asc
NCOLS 100
NROWS 100
XLLCORNER 212461.033821
YLLCORNER 9753254.946558
CELLSIZE 50
NODATA_VALUE NaN
[rows 69 to 91 of 100, columns 0 to 51 of 100]
0.0306852514 0.0338795353 0.0225965001 0.0280061745 0.0227510622 0.027387926 0.0215145652 0.0227510622 0.0220297723 0.0361979672 0.0182687606 0.0358888429 0.019608299 0.036764695 0.0218236895 0.0303246064 0.0315095827 0.0218236895 0.0220297723 0.0238845178 0.1098983302 0.1210647153 0.1963729654 0.050258589 0.1431660496 0.0202265475 0.2245350517 0.150335256 0.0234723522 0.036764695 0.0320247898 0.0166200979 0.0354251566 0.021566086 0.0231117072 0.0337764939 0.0206902339 0.0342401803 0.0283668195 0.0241936421 0.0236269143 0.0258938255 0.0257907841 0.0229056244 0.0249664527 0.0303761271 0.031458062 0.0257392633 0.0197628611 0.0220297723 0.0319217484 0.0314065413
0.022802583 0.0205871925 0.0344977838 0.022081293 0.0215145652 0.0346008252 0.026151429 0.0208963167 0.0268211982 0.0241421214 0.021205441 0.0222873759 0.0225965001 0.0254301391 0.0207417546 0.0234723522 0.0214630445 0.0170322636 0.027748571 0.023678435 0.1401278766 0.0527142928 0.1116511841 0.1100140482 0.2202165451 0.1146094284 0.2237949912 0.1177904436 0.1419381977 0.0604906882 0.0346523459 0.0230601865 0.0211023996 0.0196598197 0.028624423 0.0232662693 0.0354766773 0.0222873759 0.0234723522 0.0251210148 0.0223388966 0.0226480208 0.0303246064 0.022802583 0.0241936421 0.0263059911 0.0273364053 0.0212569617 0.0218752102 0.0259453462 0.0212569617 0.0251725356
0.0229571451 0.0222873759 0.0203295889 0.0258938255 0.0251210148 0.0241421214 0.0222358552 0.0237299557 0.0234208315 0.0194537369 0.0329006418 0.0251210148 0.0197628611 0.0246058078 0.0317671863 0.0234723522 0.0304276478 0.029345713 0.0208963167 0.0264090326 0.0202265475 0.1022376528 0.062946392 0.0928241216 0.102831683 0.1495500729 0.1263854069 0.2127443241 0.0780898988 0.1660859518 0.0240906007 0.0216691274 0.0320763105 0.0255847012 0.0331582454 0.0183202813 0.0303761271 0.0356827601 0.019608299 0.0221843345 0.0293972337 0.02986092 0.0294487544 0.0312519792 0.0217721688 0.0231632279 0.0213600031 0.0223904173 0.0262544704 0.0267181568 0.0232147486 0.021566086
0.0234208315 0.0326430383 0.0228541037 0.0248634113 0.0217721688 0.0344977838 0.0250179734 0.0253786184 0.0304791685 0.0318702277 0.0211539203 0.0271818432 0.0229571451 0.0282637781 0.0228541037 0.0283668195 0.0224934587 0.0214630445 0.021205441 0.0246573285 0.02986092 0.0346008252 0.0944612575 0.0936426895 0.0216176067 0.022081293 0.1345710863 0.0641742439 0.11328832 0.1493053091 0.0195052576 0.0223388966 0.0204326304 0.0184748434 0.0334158489 0.022441938 0.0231632279 0.0296548372 0.0257907841 0.0232147486 0.0255331805 0.0221328137 0.0313034999 0.0284183402 0.0237299557 0.0337249732 0.0260483876 0.0226480208 0.0322823933 0.03058221 0.0240906007 0.0257392633
0.0198143819 0.0259968669 0.0331582454 0.0373829435 0.0344462631 0.024914932 0.0324369555 0.0265635947 0.0246573285 0.0178050742 0.0224934587 0.0243997249 0.0347038666 0.0202265475 0.0310458963 0.0235753936 0.0318702277 0.0264090326 0.0209993582 0.0222358552 0.0254816598 0.0224934587 0.0269757604 0.0213600031 0.0288305059 0.0230086658 0.1828665944 0.1173811596 0.2090607684 0.0349614702 0.0217206481 0.0225965001 0.0222873759 0.0222873759 0.0270788018 0.0250179734 0.0233693108 0.0316641448 0.0200719854 0.1479797069 0.1106835132 0.0281607367 0.0185778849 0.0275424881 0.0194022162 0.0244512456 0.0229571451 0.0267696775 0.0267181568 0.032694559 0.0282637781 0.0332612868
0.0210508789 0.0242451628 0.0313550206 0.0315095827 0.0255331805 0.0255847012 0.0283668195 0.0245027663 0.0239360385 0.0241421214 0.0312519792 0.0189900505 0.019608299 0.0267696775 0.0353221151 0.0248118906 0.0242966835 0.0227510622 0.0223388966 0.0241936421 0.0268727189 0.0221328137 0.0316641448 0.0233693108 0.0349099495 0.0210508789 0.0344977838 0.019608299 0.0368162157 0.0332097661 0.1585796777 0.0184748434 0.0324884762 0.0207417546 0.019608299 0.0234723522 0.0234723522 0.1338464125 0.1208908926 0.1106835132 0.1228538501 0.0234208315 0.0645835278 0.1075583444 0.1583095564 0.1100140482 0.0283668195 0.0188870091 0.0264605533 0.0203295889 0.031097417 0.0286759437
0.0222873759 0.0204841511 0.0232662693 0.0254816598 0.0198143819 0.0337249732 0.021566086 0.0211539203 0.0178050742 0.0306337307 0.0228541037 0.0241936421 0.0247088492 0.0193506955 0.0247603699 0.0223388966 0.0196598197 0.0306852514 0.0295002751 0.0238845178 0.0198659026 0.0207417546 0.0219267309 0.0360949258 0.015898808 0.0260999083 0.0248118906 0.1980101012 0.1267797652 0.1362019615 0.1471945239 0.0203811097 0.0200204647 0.0358888429 0.0259453462 0.0308398135 0.0316126241 0.1530833965 0.1605426353 0.1483722984 0.150335256 0.0291396301 0.1353896542 0.1607652602 0.1120604681 0.0213600031 0.0336734525 0.1828665944 0.18859657 0.0242451628 0.0253270977 0.0246573285
0.0342401803 0.0211539203 0.0272333639 0.0309943756 0.0303246064 0.0230601865 0.034291701 0.0231117072 0.0237299557 0.0198659026 0.0208963167 0.0201750268 0.0252240563 0.0238845178 0.0330036833 0.0329006418 0.0201750268 0.0358888429 0.0242966835 0.0310458963 0.0199174233 0.0182172399 0.0319217484 0.1533981488 0.1296596787 0.0858662941 0.0825920224 0.033055204 0.1432686087 0.1248168077 0.1609352268 0.0214115238 0.0208963167 0.0354251566 0.0326430383 0.0220297723 0.0180111571 0.0284698609 0.0793177507 0.0977355292 0.1325246664 0.150533161 0.1136976039 0.189005854 0.1026469368 0.0331582454 0.0223904173 0.0222873759 0.1800016067 0.0322823933 0.026512074 0.0267696775
0.0253270977 0.0203295889 0.0179081156 0.0214115238 0.0247603699 0.0237814764 0.0218752102 0.0245027663 0.0244512456 0.0254301391 0.02403908 0.0208963167 0.0238329971 0.0254816598 0.0338280146 0.0223388966 0.022802583 0.0259453462 0.03640405 0.0237814764 0.0235753936 0.0251725356 0.0305306892 0.1407103458 0.1333432344 0.1362082221 0.1456217534 0.1287427228 0.1142168369 0.1397352851 0.1683944655 0.0346008252 0.0222358552 0.0239875593 0.0252240563 0.0250179734 0.0214630445 0.0206902339 0.1484867412 0.1603559762 0.150942445 0.0772713308 0.0932334056 0.1439846175 0.1263854069 0.1153946114 0.1644685504 0.1491574814 0.1577944947 0.2743941738 0.151905622 0.0334158489
0.0337764939 0.0247088492 0.0250694941 0.0157442459 0.0205356718 0.0240906007 0.0233693108 0.023678435 0.0213600031 0.0349099495 0.0292426715 0.0346008252 0.0327976004 0.024554287 0.032694559 0.0245027663 0.0255331805 0.0244512456 0.02403908 0.0253270977 0.031097417 0.03640405 0.0227510622 0.1300689626 0.1407103458 0.1288411107 0.1493053091 0.0270788018 0.0387740026 0.0252240563 0.0266151154 0.0372283814 0.0206387132 0.138663926 0.1267946909 0.0225449794 0.0213600031 0.0218752102 0.1145161719 0.175908767 0.112469752 0.1198368634 0.1877780021 0.1460310374 0.1403010618 0.135024187 0.2280683753 0.2174684045 0.2555497812 0.1915573647 0.1479797069 0.1727129721
0.0299639615 0.0332612868 0.0249664527 0.020844796 0.0245027663 0.0206902339 0.0282637781 0.0353221151 0.021205441 0.0237299557 0.0318702277 0.0300154822 0.0303761271 0.0204326304 0.0320763105 0.0273364053 0.0293972337 0.0229571451 0.0243482042 0.0340856181 0.0218236895 0.0250179734 0.0230601865 0.0842291583 0.125566839 0.1370267901 0.1493053091 0.0242966835 0.018732447 0.0216176067 0.0264090326 0.0221843345 0.021566086 0.1652673838 0.1791830387 0.0164655358 0.0229056244 0.0189385298 0.125976123 0.1873687181 0.1435753336 0.1337525183 0.1619931121 0.1263854069 0.2057864966 0.217075813 0.0973354018 0.1581870862 0.119713118 0.1691796485 0.1369871446 0.1762462958
0.0300670029 0.0256362219 0.0347553874 0.0216176067 0.0319217484 0.0221328137 0.0328491211 0.0269242396 0.0220297723 0.0226995415 0.0239875593 0.0222358552 0.0313034999 0.0252240563 0.0307367721 0.0232662693 0.0263575119 0.0238845178 0.0223388966 0.0235753936 0.0221843345 0.0300154822 0.0217206481 0.0309943756 0.021566086 0.0200719854 0.0258423048 0.0306337307 0.032694559 0.0389285648 0.023678435 0.1130390623 0.1534759881 0.1974462374 0.0253786184 0.019968944 0.0201235061 0.0237299557 0.1431660496 0.08750343 0.1353896542 0.125157555 0.1030562208 0.1120604681 0.1853222982 0.1824573105 0.1310982719 0.1008687254 0.1322760464 0.1432686087 0.1369871446 0.1507278475
0.0250179734 0.0314065413 0.0202780682 0.0253786184 0.0211539203 0.0187839677 0.0259453462 0.0228541037 0.022441938 0.0250694941 0.0186809263 0.0325915176 0.0271303225 0.0316126241 0.0238329971 0.031818707 0.0249664527 0.0295002751 0.0228541037 0.033931056 0.0313034999 0.0313550206 0.0306852514 0.0255847012 0.0195567783 0.0226995415 0.0373829435 0.0214115238 0.0256362219 0.0367131743 0.0295517958 0.2480905425 0.1401278766 0.1212834841 0.0271818432 0.032694559 0.0233693108 0.1295279058 0.1214739993 0.200875089 0.1669045197 0.1276132588 0.1476681732 0.150533161 0.1169718757 0.1574909885 0.1346315955 0.1326686379 0.2359202056 0.1059724151 0.100191233 0.0350129909
0.0201235061 0.023678435 0.0296548372 0.0258938255 0.0295517958 0.0229056244 0.0198143819 0.0369192571 0.0230086658 0.0242966835 0.0300670029 0.0345493045 0.0161564115 0.0198143819 0.0224934587 0.0219267309 0.0211023996 0.0241936421 0.0196598197 0.0338280146 0.0187839677 0.026151429 0.0176505121 0.031818707 0.0241936421 0.0234723522 0.0192476541 0.0306337307 0.0276455296 0.0295517958 0.0219267309 0.0234208315 0.0226995415 0.1218832833 0.1398917779 0.1980101012 0.1766388873 0.1208908926 0.1403010618 0.0903684178 0.1288411107 0.1280225428 0.2205207195 0.0686763675 0.1419381977 0.099781949 0.1071501896 0.1055798236 0.2217869112 0.1291353143 0.1186090115 0.0932334056
0.0207932753 0.0201235061 0.0264090326 0.032694559 0.0225965001 0.0194537369 0.0224934587 0.0366616536 0.0230601865 0.0321793519 0.0276970503 0.0294487544 0.0229056244 0.0177020328 0.0207932753 0.0301700443 0.0219782516 0.0199174233 0.0197628611 0.0313034999 0.0300154822 0.0251725356 0.0299639615 0.0336219318 0.0268211982 0.0171868257 0.0344462631 0.0347038666 0.0320763105 0.0233693108 0.0343947424 0.0189385298 0.0259453462 0.1542167167 0.1333432344 0.2166832215 0.1024390915 0.1334538209 0.0254301391 0.02403908 0.031818707 0.1546537626 0.1444463833 0.2033307928 0.1820480265 0.1366175061 0.1385575106 0.152690805 0.1216760756 0.1299204973 0.100600517 0.1083279642
0.0214630445 0.025275577 0.0246573285 0.0243482042 0.0341886596 0.0239875593 0.0240906007 0.0184233227 0.0326430383 0.0320247898 0.0165170565 0.0242966835 0.0244512456 0.0198143819 0.0344977838 0.0270272811 0.0248634113 0.0212569617 0.0317671863 0.0221328137 0.0225965001 0.0245027663 0.0238329971 0.0255847012 0.0243482042 0.0207417546 0.0253786184 0.0231632279 0.0239875593 0.0232662693 0.0370222985 0.0251725356 0.1707500146 0.1307056804 0.2052980676 0.151905622 0.1287427228 0.1471945239 0.0251210148 0.028624423 0.034291701 0.1683944655 0.1676092825 0.1947358295 0.1345710863 0.1750901991 0.1271723568 0.1589722692 0.151905622 0.2504460915 0.1652673838 0.1173575689
0.0304276478 0.0211023996 0.0350645116 0.0180111571 0.0300154822 0.0192991748 0.0202265475 0.0217206481 0.022802583 0.0232147486 0.0250694941 0.0207417546 0.028985068 0.0288820266 0.0296548372 0.0188354884 0.0180111571 0.0209478374 0.0247088492 0.0194537369 0.021566086 0.0334158489 0.0328491211 0.0184233227 0.0217721688 0.0213084824 0.0237814764 0.0267181568 0.0238329971 0.0245027663 0.02403908 0.0251210148 0.0244512456 0.0184233227 0.027748571 0.0232147486 0.0271818432 0.0235753936 0.0368162157 0.0232147486 0.0241936421 0.13580937 0.2418090783 0.2143276724 0.0301185236 0.1239297031 0.1640395319 0.1243389871 0.1118612878 0.1239297031 0.0559885645 0.2351350226
0.0204326304 0.0343432217 0.0242966835 0.0368677364 0.0315611034 0.0283152988 0.0222358552 0.0305306892 0.027748571 0.0197113404 0.0307367721 0.0263575119 0.0338795353 0.0234208315 0.0205356718 0.025275577 0.0228541037 0.0253786184 0.01749595 0.0297578786 0.0224934587 0.0249664527 0.0335704111 0.0213600031 0.0170837843 0.0202265475 0.0231117072 0.0216176067 0.0174444293 0.0263059911 0.0216176067 0.0216176067 0.0339825767 0.0200204647 0.0333128075 0.0232662693 0.0231632279 0.0200204647 0.0222358552 0.0323854348 0.1100140482 0.1914615578 0.1018283689 0.0276455296 0.0282637781 0.0360949258 0.213153608 0.0956891094 0.1240316247 0.1611745442 0.1947358295 0.100191233
0.019608299 0.0213084824 0.0238845178 0.0218752102 0.0212569617 0.0280576952 0.0250179734 0.0232147486 0.0219267309 0.0276970503 0.0300670029 0.0237814764 0.0263059911 0.0240906007 0.0315095827 0.0212569617 0.0322823933 0.0267696775 0.0210508789 0.0361979672 0.0206387132 0.0332097661 0.0218752102 0.031097417 0.0232662693 0.0223904173 0.0222873759 0.0251210148 0.0210508789 0.0274394467 0.0254301391 0.0287274644 0.0260999083 0.0213600031 0.0178050742 0.0223904173 0.023678435 0.0231632279 0.0965076773 0.1439846175 0.0948705414 0.1742716311 0.1397352851 0.119713118 0.1393426936 0.1770314788 0.0263059911 0.0216176067 0.0218236895 0.2127443241 0.2386683462 0.1405204682
0.0246573285 0.0223904173 0.0377951092 0.0241936421 0.0183202813 0.0230601865 0.0222358552 0.0234723522 0.0189900505 0.018732447 0.0177020328 0.0230086658 0.027748571 0.0337249732 0.0230086658 0.0343432217 0.0226995415 0.0231117072 0.0228541037 0.0329521626 0.0205356718 0.0219782516 0.0243997249 0.0336734525 0.0226480208 0.018371802 0.0326430383 0.0274909674 0.0170322636 0.0242966835 0.02986092 0.0181141985 0.0225965001 0.0207932753 0.0324369555 0.024914932 0.0307882928 0.0345493045 0.1120604681 0.0731784912 0.1136976039 0.0297063579 0.1165723859 0.2210017281 0.1570093117 0.1312968145 0.1308875306 0.201284373 0.1460167493 0.0240906007 0.1287427228 0.1648611419
0.0354251566 0.0212569617 0.0166200979 0.0306852514 0.0248118906 0.0269757604 0.0192991748 0.0204326304 0.0357342808 0.0167231393 0.0353221151 0.0312004585 0.0201235061 0.0228541037 0.0227510622 0.0175989914 0.0260999083 0.0181141985 0.0250179734 0.0238845178 0.0191446126 0.0357858015 0.0203811097 0.0300670029 0.0178050742 0.0210508789 0.0257392633 0.0191446126 0.0243482042 0.0272848846 0.026512074 0.0214115238 0.031458062 0.0350129909 0.0307882928 0.0282637781 0.0266666361 0.0238329971 0.0321793519 0.0242451628 0.0200719854 0.0222873759 0.1110761048 0.2241424602 0.1267797652 0.125976123 0.138254642 0.1693602235 0.1083279642 0.2276757838 0.1150020199 0.1554389456
0.0257907841 0.0220297723 0.0222873759 0.0321278312 0.0360949258 0.0262544704 0.0211539203 0.024914932 0.0226995415 0.0219782516 0.0226480208 0.0235753936 0.031458062 0.0219267309 0.025275577 0.0332612868 0.0279546538 0.0228541037 0.0203811097 0.0358373222 0.0205871925 0.0217206481 0.0237299557 0.0268727189 0.0241936421 0.0223388966 0.0221843345 0.0337249732 0.0213600031 0.0244512456 0.024554287 0.0190415712 0.0188870091 0.0230601865 0.0333643282 0.0280061745 0.0337764939 0.0235753936 0.0195052576 0.0194022162 0.0218752102 0.163630248 0.0903684178 0.137436074 0.0221843345 0.1431660496 0.1730437792 0.0854570102 0.1177501605 0.2143276724 0.2198239536 0.1024390915
0.0209993582 0.0211539203 0.0321278312 0.022802583 0.0247088492 0.0229056244 0.0226480208 0.0218236895 0.0198143819 0.0359918844 0.0213600031 0.0222873759 0.0325399969 0.0241936421 0.0205356718 0.0317156655 0.0241421214 0.0217721688 0.0238329971 0.0206902339 0.0205871925 0.0226480208 0.02331779 0.0345493045 0.0256362219 0.0226995415 0.0204326304 0.0238329971 0.0201750268 0.0317671863 0.0213084824 0.0233693108 0.0229056244 0.0251725356 0.0234208315 0.031458062 0.0240906007 0.0209478374 0.0230086658 0.0347553874 0.0347553874 0.0928241216 0.2168371637 0.1161533077 0.1304782466 0.1300689626 0.1059212086 0.1529888648 0.1102909217 0.1436612003 0.1044020491 0.2225720942
