inst/examples/data/000_beetlesRichness.asc
NCOLS 100
NROWS 100
XLLCORNER 212461.033821
YLLCORNER 9753254.946558
CELLSIZE 50
NODATA_VALUE NaN
[rows 69 to 91 of 100, columns 0 to 50 of 100]
14.0103695031 13.0214972235 17.9658586214 21.749369952 15.3861918051 14.05336395 8.8510358704 12.8065249888 18.4387975377 14.9132528888 7.2602413337 16.0311085092 7.1312579929 11.3877082398 11.3877082398 15.472180699 15.472180699 11.0437526643 16.805008554 13.2364694582 0.9844523859 10.9815933629 5.8823695204 4.2392862823 8.9789823161 14.6982806541 3.0866804863 1.3295943128 9.4099636806 16.7620141071 14.741275101 14.4833084194 15.8161362745 15.2572084643 15.3431973581 14.4833084194 8.9370247643 21.8783532928 8.2491136133 9.0660081051 13.6234194806 7.9911469317 6.7873024174 13.6664139275 10.4848248541 17.2349530234 17.2779474704 15.1712195704 15.3861918051 7.9481524847 10.2268581725
18.6107753255 16.16009185 6.7013135235 10.9577637704 16.2460807438 14.741275101 6.1853801603 13.4084472459 22.1363199744 21.4914032703 10.3128470664 20.6745087785 17.4929197051 6.1853801603 7.9481524847 5.9274134786 10.0118859378 12.0756193908 19.4276698173 14.9992417826 0.8275696919 3.3385608498 4.1826282396 4.5225764957 1.5335418151 1.5649183539 13.1505440256 9.390263048 5.1599469483 4.2786310942 19.9006087336 8.3351025072 13.4084472459 13.4944361398 19.2556920295 9.7109248092 10.3128470664 12.9785027765 6.9592802052 9.882902597 14.4403139724 7.1312579929 16.2030862969 13.2794639051 13.9243806092 17.6648974928 17.8368752806 5.2395023276 15.6871529336 10.8717748766 13.4084472459
14.3543250786 18.6537697724 15.8591307214 21.4054143765 14.2253417377 16.117097403 16.4610529785 12.2046027316 16.6330307663 19.1697031357 20.7604976724 16.2890751908 15.0422362296 4.7665634113 16.2460807438 14.3543250786 4.3796133889 3.2187633215 17.3639363642 12.7205360949 14.9992417826 14.7369125629 12.9742808547 3.162297679 1.7061127786 1.3452825822 6.0412628024 16.5907395896 3.5027317272 4.454894265 17.8368752806 14.8702584418 14.0103695031 20.2015698622 14.4833084194 9.3239747868 19.0407197948 20.0725865214 12.0326249439 15.2142140173 19.642642052 15.429186252 17.7938808336 11.6456749214 7.4752135684 11.9896304969 6.6153246297 19.8576142867 14.6122917602 9.4959525745 20.7604976724
15.0422362296 7.776174697 10.8287804296 16.805008554 16.3750640847 17.0199807887 17.7078919398 6.4433468419 16.2030862969 13.8383917153 11.1297415582 7.3032357807 5.7554356909 16.9339918949 16.5470418724 15.8161362745 18.4387975377 8.2921080602 20.1155809683 20.2445643091 15.2572084643 10.3128470664 3.5735784109 10.036561341 17.2349530234 13.8383917153 6.5112979246 11.3781996618 1.1646484096 10.1540701216 13.6234194806 11.9896304969 13.1934750112 8.4210914011 9.7539192562 16.5040474255 17.1059696826 8.3351025072 7.4752135684 12.8495194357 18.0948419622 6.2713690541 17.9228641744 17.7938808336 14.7842695479 14.7842695479 13.4084472459 7.1742524399 14.741275101 17.3209419173 13.1504805643
13.8383917153 14.8702584418 12.8925138827 16.7190196602 13.0644916704 13.2364694582 17.7508863867 15.0852306765 6.6153246297 14.8702584418 21.6203866111 14.5692973133 19.7716253928 6.3143635011 17.7508863867 15.7301473806 14.7842695479 5.2824967746 11.5596860276 6.7013135235 9.5819414684 13.5804250337 16.3750640847 11.9036416031 22.8672255724 10.3988359602 3.3385608498 7.3338593884 10.3303332924 19.2556920295 6.7013135235 8.9370247643 13.4944361398 9.0230136582 17.3639363642 15.5151751459 7.1742524399 16.4610529785 13.2364694582 1.2668412352 2.1924491302 19.599647605 14.05336395 8.3780969541 17.4499252581 7.088263546 15.7731418275 14.4403139724 18.0088530683 16.7620141071 15.1282251234
15.9451196153 16.3320696377 19.2986864765 12.677541648 15.9021251683 17.535914152 17.6219030459 6.7013135235 14.6552862071 12.7635305418 6.9592802052 11.6026804745 7.6901858031 18.7827531132 11.5166915806 8.4210914011 8.464085848 19.642642052 15.429186252 15.429186252 16.2890751908 16.5900363194 8.464085848 12.1186138378 17.1489641296 10.0978748317 14.0963583969 13.1934750112 13.8383917153 15.3431973581 2.4905262489 14.2253417377 13.6234194806 18.5247864316 15.5151751459 17.1919585765 11.6886693684 1.0158289247 2.882732984 1.4394121987 1.5962948927 16.4610529785 4.5136486553 3.0447888984 2.9860345081 0.7533676777 5.6264523501 9.6249359153 17.3639363642 5.6264523501 13.6664139275
13.8383917153 14.6982806541 12.8065249888 19.599647605 15.9451196153 19.2126975826 16.848003001 4.6375800705 13.1074861173 8.1631247194 9.2809803398 7.9051580378 19.1697031357 14.1393528439 19.9006087336 15.3861918051 4.1646411542 13.5374305867 10.8287804296 16.5900363194 18.3958030908 19.5566531581 11.4307026867 17.1919585765 15.1282251234 16.3750640847 14.6122917602 18.5559479308 0.3569216097 2.4120849018 0.8903227695 17.7508863867 21.2334365887 16.0741029561 10.1408692786 17.9658586214 15.8591307214 2.3336435548 1.721801048 5.6391667326 0.8589462307 16.4180585316 3.6910871914 1.5763582756 9.5077718286 18.0948419622 12.9785027765 16.7933162225 10.8003684146 16.2460807438 12.3335860725
20.5025309907 10.0548803847 11.5596860276 8.1631247194 12.0326249439 11.3877082398 13.1074861173 16.805008554 16.2030862969 15.8591307214 14.6552862071 12.2905916255 16.4180585316 17.1059696826 14.3973195255 16.5900363194 19.1267086887 17.3209419173 16.9769863418 14.2683361847 17.7508863867 16.117097403 17.1489641296 3.5148240206 14.7956669532 2.5747537762 5.5124732899 13.0214972235 0.5138043037 4.8373554708 2.4748379795 5.1965078807 21.749369952 17.5789085989 11.4736971337 14.1393528439 7.776174697 18.7827531132 14.7956669532 12.2847283449 7.5688769495 3.4560696303 7.0400874371 4.8625247519 11.5054210979 14.3973195255 9.0660081051 18.6967642193 2.515999386 10.0548803847 16.8909974479
20.5025309907 14.2683361847 17.9228641744 9.2379858929 14.1393528439 20.4595365438 8.1631247194 13.4084472459 17.7938808336 12.5915527541 18.911736454 4.6375800705 16.8909974479 16.5040474255 16.2460807438 17.0199807887 15.8591307214 15.2142140173 13.4944361398 9.7539192562 7.5182080154 15.9021251683 19.0837142418 3.5735784109 7.6387688439 3.6727058553 8.4501928036 0.8275696919 2.3179552854 0.8746345001 1.6276714315 13.4084472459 15.7731418275 12.8925138827 11.4307026867 8.8510358704 14.6122917602 7.5612024623 3.4560696303 10.0750646798 7.9787171001 6.2223177766 11.151567491 14.664366138 6.2175259732 2.0669429749 1.8629954726 0.6863752672 2.1924491302 0.0902210298 2.4120849018
13.4084472459 13.4944361398 6.5723301827 13.2794639051 15.2572084643 19.599647605 7.5182080154 19.3846753703 15.8591307214 14.6122917602 15.6441584867 18.954730901 17.9658586214 6.4863412888 9.7539192562 17.2779474704 14.05336395 8.2061191664 15.3431973581 17.7938808336 17.7938808336 14.6122917602 19.7286309459 12.3279825617 3.4460736846 15.1742885223 3.2210520692 9.9688914908 7.4322191215 12.1186138378 14.5263028663 19.5136587112 14.9992417826 7.451368169 17.6158776864 7.1312579929 3.9926633664 7.9481524847 7.9214032912 5.769053435 2.3129128307 14.664366138 17.3839521874 14.6077080953 3.1061254284 0.5862429317 1.6301104235 4.9735121001 2.0234517972 1.1611264779 2.3179552854
11.258724899 17.6648974928 19.2986864765 15.1282251234 7.3462302276 16.16009185 11.9036416031 5.9274134786 13.9243806092 15.3002029112 8.1631247194 14.05336395 13.7953972684 15.3861918051 13.5374305867 14.2253417377 5.7984301378 18.6537697724 15.7731418275 17.4499252581 17.3209419173 15.429186252 8.7220525296 6.9225786565 6.9225786565 3.5735784109 8.743964755 16.2460807438 15.429186252 8.2061191664 7.2172468868 17.5789085989 6.7013135235 6.9225786565 1.0471396291 20.3735476499 13.4944361398 17.3639363642 2.9272801179 4.0126541115 12.9079668145 6.7888982035 6.0523436485 10.3016968506 8.4319814417 1.0098413342 5.4424960457 0.4198292736 0.8585561904 1.690624481 2.0688373403
7.088263546 13.9673750561 14.6552862071 17.1059696826 18.0948419622 16.4610529785 14.5692973133 8.1631247194 16.4610529785 7.1312579929 19.3416809234 17.6219030459 16.6330307663 13.8813861622 8.8510358704 8.464085848 11.6886693684 7.8621635909 19.1697031357 11.0437526643 19.2126975826 9.9688914908 21.3624199295 16.848003001 13.9243806092 15.2142140173 17.6219030459 13.7094083745 8.1631247194 12.1186138378 14.9562473357 4.4515599246 5.047714162 5.5968035912 6.9162857582 18.6107753255 20.0295920744 5.1105189868 5.8649996316 1.1797519768 7.0155303743 2.0296226172 7.6954268866 4.9758408373 12.454702473 8.8852457832 1.7511385385 0.3290581873 5.533267132 1.4636967654 2.380708363
12.1616082847 5.2395023276 7.088263546 8.1631247194 13.4514416929 21.9643421866 7.3892246745 8.2921080602 22.394286656 11.4307026867 10.9147693235 16.4610529785 7.7331802501 19.1267086887 12.5485583071 10.6997970888 14.1393528439 13.6664139275 20.1155809683 12.5055638602 2.917802193 15.9021251683 9.4529581276 14.6552862071 20.9324754601 16.805008554 12.634547201 13.4514416929 18.954730901 13.4514416929 18.1808308561 2.2708904772 1.800242395 0.6706869978 19.5566531581 19.642642052 15.8161362745 2.3336435548 11.5641754882 16.4774235043 2.3695708734 3.5027317272 11.7181479179 6.6755821181 6.6755821181 11.151567491 1.7057529954 4.9583835858 2.2655080272 4.4893996402 7.2751049981
8.5930691888 17.4929197051 15.7731418275 16.2890751908 17.3639363642 18.223825303 15.3431973581 16.2460807438 15.472180699 19.5136587112 20.0295920744 18.8257475601 8.2491136133 20.2445643091 13.6664139275 15.8591307214 14.1393528439 19.9436031805 20.8034921193 18.8687420071 18.6107753255 13.8813861622 15.6441584867 19.1697031357 18.4817919846 3.2617577685 9.0230136582 14.2683361847 13.2364694582 16.9769863418 6.8732913113 18.7827531132 20.5885198846 8.2739296328 11.6229298784 3.7498415817 1.3452825822 1.9257485503 13.2092984158 7.0400874371 16.1470179295 3.2210520692 7.5254527585 4.3526023677 8.7719296978 3.2194415138 1.2821545929 0.071873443 5.0794117007 1.932680711 8.5089471939
16.7620141071 20.4595365438 14.6122917602 8.2061191664 9.0660081051 14.2683361847 7.9911469317 14.8702584418 17.0629752357 8.8940303174 18.6107753255 11.0007582174 15.8591307214 6.8732913113 13.0644916704 7.8191691439 12.5055638602 12.2046027316 22.0933255275 18.911736454 15.9881140622 9.2809803398 17.4499252581 10.0118859378 17.1059696826 13.8383917153 5.7984301378 17.1919585765 19.4276698173 14.9992417826 8.2921080602 20.330553203 21.0614588009 6.2175259732 16.0241591627 2.1596084266 1.3880541935 2.302267016 14.3973195255 14.2683361847 7.6041969092 4.7182605045 1.448568251 19.0836934682 4.5792345384 7.8654010147 1.2367690498 0.8888132192 1.3880541935 0.4954718455 13.0212828999
14.0963583969 12.8495194357 12.9785027765 14.4833084194 14.6982806541 14.5692973133 12.5485583071 8.1631247194 8.1201302725 6.7873024174 14.6982806541 17.7938808336 16.4610529785 13.7094083745 17.1059696826 17.2349530234 17.3209419173 18.4387975377 17.8798697275 14.3973195255 7.1312579929 15.9021251683 14.4403139724 21.9213477397 9.882902597 16.4180585316 18.1378364091 12.677541648 11.1297415582 12.634547201 16.6330307663 12.2046027316 1.2511529658 2.3963966324 0.137285838 0.7805048836 2.302267016 5.4242326277 20.4595365438 19.2126975826 16.0311085092 1.0158289247 2.2049939697 4.6311574358 2.2222274346 6.2175259732 2.4016646566 0.5257288742 1.4788252798 0.6921425323 7.8654010147
19.0407197948 17.1919585765 11.8176527092 9.7969137031 8.0771358256 13.322458352 18.223825303 15.3002029112 6.8302968643 8.4210914011 15.9451196153 9.2379858929 20.9754699071 12.8065249888 18.0948419622 10.4418304072 10.527819301 16.3320696377 20.2015698622 13.7094083745 16.5470418724 14.4833084194 13.6664139275 5.7124412439 9.2379858929 16.6330307663 17.4499252581 15.0422362296 18.0948419622 13.322458352 14.9132528888 15.9881140622 13.7524028214 18.8687420071 7.088263546 14.5263028663 16.6760252132 13.6664139275 13.4944361398 17.7938808336 20.2015698622 3.0082391393 2.3179552854 5.3771678195 13.2794639051 2.1634730443 3.6910871914 1.7463324037 1.6603674523 5.4291051789 3.2760995565
14.7842695479 13.7953972684 12.5055638602 9.5389470215 19.1267086887 15.9021251683 9.1090025521 17.1059696826 15.2572084643 7.088263546 16.9769863418 17.6219030459 6.6583190766 15.2142140173 14.5692973133 14.9562473357 14.6122917602 13.5374305867 12.0326249439 19.1697031357 15.6441584867 7.6471913562 14.6122917602 18.3098141969 10.1408692786 14.1823472908 14.1823472908 18.1378364091 5.4974690093 10.9577637704 10.9147693235 15.0852306765 19.4276698173 14.3973195255 18.1808308561 9.4959525745 10.6138081949 19.0837142418 18.3528086438 13.8813861622 13.3268071964 9.5077718286 7.7451401203 14.6552862071 18.223825303 13.0214972235 2.0459642638 17.8508952475 2.5062145183 4.8074206066 6.9588723316
6.357357948 14.9132528888 7.6471913562 15.2142140173 15.8591307214 16.6330307663 16.9769863418 14.5263028663 13.1504805643 14.4403139724 13.4514416929 17.0629752357 7.7331802501 7.3032357807 17.4069308112 12.2475971786 18.3098141969 5.9274134786 14.4833084194 20.8894810132 11.3877082398 15.0852306765 16.0311085092 12.7205360949 3.3047522154 5.1965078807 19.7286309459 16.7620141071 18.4387975377 14.7842695479 16.117097403 11.8606471561 16.0311085092 11.258724899 18.3098141969 15.3431973581 15.9451196153 16.9339918949 16.3232811003 10.0953157313 5.9237540218 14.325631831 5.0320258926 5.5811153218 0.7491283448 1.6590479704 17.535914152 17.8368752806 18.4387975377 7.8626489009 5.204596856
6.8732913113 9.3669692337 15.5581695928 16.2460807438 12.0326249439 12.7635305418 7.088263546 13.6664139275 19.3846753703 15.3861918051 21.018464354 6.3143635011 16.848003001 7.3462302276 14.3973195255 12.9785027765 13.0214972235 12.8495194357 17.9658586214 14.6552862071 8.2061191664 8.3351025072 14.6552862071 17.535914152 17.1919585765 13.5374305867 20.2445643091 20.0295920744 18.1808308561 9.1090025521 12.5915527541 14.5692973133 18.1378364091 15.9881140622 11.6886693684 19.3846753703 16.6330307663 13.7094083745 18.4384391502 15.2069476851 6.6288067051 5.7984301378 1.5649183539 1.9629377397 1.7511385385 7.0400874371 4.3373854844 8.0389120717 2.2395139384 9.7969137031 5.0006493538
18.3098141969 18.6967642193 9.5819414684 16.3320696377 13.8813861622 17.9228641744 9.882902597 11.3447137929 13.9243806092 19.0837142418 19.9006087336 12.5485583071 12.7205360949 17.6219030459 5.4114801154 12.7635305418 15.472180699 15.6011640398 19.2556920295 16.117097403 16.2460807438 18.223825303 11.5166915806 16.805008554 15.5151751459 14.8272639949 17.1489641296 14.6552862071 14.9562473357 17.2349530234 6.3143635011 17.1489641296 14.3543250786 14.1393528439 16.3750640847 16.7190196602 8.6360636358 10.4848248541 16.3750640847 14.05336395 14.741275101 18.1808308561 2.4277731712 0.6863752672 4.5927543492 16.3232811003 14.0411276684 6.335633862 1.0628937329 1.4551004681 4.9535845456
14.9562473357 11.6456749214 10.3988359602 15.6441584867 21.4914032703 16.5040474255 13.9673750561 15.0422362296 8.7220525296 18.6107753255 3.9926633664 19.5566531581 9.4959525745 19.8146198397 20.2015698622 9.4529581276 8.6790580827 7.3892246745 17.4929197051 14.3113306316 13.2794639051 14.2683361847 19.4276698173 7.3892246745 5.7124412439 13.9243806092 18.1378364091 5.2824967746 16.7620141071 17.6219030459 21.0614588009 15.472180699 13.7953972684 17.7938808336 8.9370247643 12.8495194357 13.2794639051 20.4165420969 15.472180699 12.5485583071 17.1059696826 10.8591228049 5.4537188997 7.6863857301 15.9881140622 4.8661749969 6.1090016912 1.0664358914 5.3668534738 0.7980421329 1.4031827079
15.472180699 17.4069308112 17.9658586214 14.7842695479 14.741275101 15.3431973581 15.9881140622 14.1823472908 12.5915527541 16.805008554 19.9865976275 13.8383917153 18.5247864316 15.429186252 16.2030862969 20.1155809683 17.5789085989 15.0852306765 13.6664139275 14.2253417377 19.7716253928 8.8510358704 19.0407197948 11.6886693684 22.0503310805 6.9162857582 5.4114801154 20.5455254377 14.5263028663 9.882902597 13.1934750112 4.8955467521 16.9769863418 19.2126975826 8.1631247194 12.1186138378 16.805008554 13.1074861173 16.5040474255 14.6122917602 19.599647605 6.393789144 12.5042457325 10.6241052438 15.4419652462 13.9143510991 7.5821108012 6.2789758193 0.071873443 0.2836726442 2.2201224841
