inst/examples/data/000_beetlesRichness.asc
NCOLS 100
NROWS 100
XLLCORNER 212461.033821
YLLCORNER 9753254.946558
CELLSIZE 50
NODATA_VALUE NaN
[rows 46 to 68 of 100, columns 0 to 50 of 100]
9.2809803398 13.7524028214 9.194991446 21.7923643989 7.9051580378 2.0983195137 0.2627919933 5.1575320478 14.2668774408 1.9872098735 14.7956669532 8.5070802949 17.4499252581 16.805008554 8.0771358256 17.7508863867 13.0644916704 12.3335860725 16.0741029561 13.0917896353 4.5136486553 6.5700523149 6.0563968195 9.7109248092 0.639310459 17.5789085989 14.5018950019 12.4454913423 13.4443159769 4.1611223136 7.9787171001 7.9220590574 11.6048318325 2.992809343 12.8513087718 2.2809818249 14.4403139724 17.1919585765 20.2445643091 13.5374305867 13.3268071964 12.6217545131 7.3338593884 2.5747537762 1.8473072032 10.7416140243 6.0412628024 12.5113605156 6.3922919047 16.0241591627 3.6727058553
12.677541648 18.1808308561 6.7013135235 14.2253417377 7.2172468868 1.2825295046 1.1883998882 16.2460807438 8.1564208523 15.6275528638 5.101192558 17.3639363642 13.2364694582 8.8940303174 1.5335418151 1.9571250891 1.6747362398 1.8943720114 0.8903227695 5.3949645094 19.9072989071 13.9673750561 16.4180585316 16.2030862969 0.3412333403 2.3336435548 7.9214032912 7.8626489009 6.0993912664 7.3926137787 0.0483149944 1.0471396291 4.9191827946 5.5990793069 5.3362101191 3.0447888984 11.1727360051 10.8287804296 12.677541648 16.4610529785 14.4403139724 12.7980176839 10.1540701216 12.634547201 7.3462302276 4.0436135331 20.8967508344 4.5792345384 5.03249888 19.025983053 6.1587715829
7.1312579929 16.2890751908 18.0518475153 13.0214972235 14.2253417377 16.16009185 11.8579474395 12.4454913423 2.2809818249 20.7886147612 4.6311574358 16.5900363194 16.6760252132 11.7316638153 0.5765573814 2.4167931709 1.4636967654 1.9931947685 2.5375910571 15.9451196153 17.0199807887 13.4944361398 18.8687420071 5.7554356909 2.9768626004 1.0400983629 0.4803433311 0.2000389156 13.9243806092 13.9243806092 14.0103695031 9.2727542675 5.5424212642 4.1259701969 6.393789144 9.882902597 4.6899118261 5.8062452413 12.5630001228 2.3397362151 14.3113306316 18.1446671988 10.036561341 2.4120849018 5.1418437784 21.0823867125 8.1486912282 6.50560799 22.823124286 7.9801576814 14.6122917602
15.0422362296 13.9243806092 20.5025309907 5.9274134786 14.5692973133 14.2683361847 7.0400874371 19.7897901265 15.3002029112 11.9036416031 6.7873024174 15.9451196153 15.472180699 17.9658586214 1.8316189338 4.4893996402 2.3411505991 1.569596366 2.0512547055 17.3209419173 15.7731418275 19.4706642642 20.2015698622 9.9258970439 2.380708363 0.5451808426 1.8629954726 0.3882981485 15.1712195704 13.1934750112 6.5723301827 3.9261047525 4.8074206066 0.0465911229 6.8638242662 6.9592802052 7.5101225592 5.2774557288 8.097666462 10.6241052438 11.3879123173 14.2683361847 16.2890751908 1.721801048 0.2836726442 9.7351164236 7.6954268866 7.5101225592 4.2786310942 8.2739296328 0.0274679522
15.8591307214 13.0214972235 9.4099636806 5.9704079256 15.2572084643 12.677541648 5.2774557288 14.9131757338 4.8525523052 16.848003001 12.0756193908 5.669446797 19.7716253928 14.6982806541 1.0001406553 0.9060110389 4.9535845456 2.4120849018 2.2708904772 14.4403139724 18.8687420071 13.7094083745 19.8146198397 14.05336395 15.7301473806 15.3002029112 13.322458352 16.0741029561 13.5030703672 8.5677015842 14.7369125629 12.5055638602 11.8579474395 1.5763582756 4.8661749969 17.2349530234 10.9766315854 15.6441584867 5.2187013386 6.335633862 10.2715789021 12.7205360949 0.4981160343 1.9100602809 2.295765056 23.6088254943 11.6229298784 2.104718654 17.3639363642 6.6288067051 1.7511385385
15.2572084643 15.5151751459 13.7094083745 8.0771358256 13.8813861622 8.464085848 19.0407197948 17.7078919398 16.9339918949 7.088263546 18.0088530683 6.4433468419 7.6041969092 15.6871529336 9.3669692337 19.1267086887 9.9258970439 14.6552862071 16.848003001 16.6760252132 5.8844190317 16.2460807438 9.2379858929 14.9132528888 18.4817919846 21.6203866111 18.5677808785 17.8368752806 2.751016947 3.8993380261 2.4434614406 1.8943720114 2.3650200936 0.6013714461 1.1099585412 16.3320696377 9.7427893897 18.223825303 0.6706869978 0.9341987623 1.0315171941 14.971930124 1.721801048 0.0870019574 1.298217774 18.0859128086 16.6330307663 4.8661749969 3.9848591428 17.1458425642 7.2988205878
14.05336395 5.7554356909 16.5470418724 12.9355083296 7.6901858031 13.9243806092 18.2668197499 17.8798697275 4.1646411542 5.6264523501 13.4514416929 14.9562473357 14.4833084194 7.9911469317 15.2572084643 8.5500747419 14.4833084194 18.954730901 10.8717748766 18.3528086438 15.3002029112 9.6249359153 13.7953972684 11.3447137929 21.6633810581 9.9258970439 7.8621635909 13.9243806092 6.7463154857 8.4319814417 9.5651422955 11.4348577045 5.769053435 6.5112979246 1.4707887375 15.9120003684 7.2751049981 14.2668774408 6.1587715829 1.6904245092 1.1157409348 18.4604549986 1.2511529658 0.2471037238 2.4748379795 9.7109248092 8.5500747419 13.365452799 2.9272801179 2.8228352149 9.2818520821
19.7716253928 22.2653033152 14.5692973133 14.4403139724 16.6330307663 11.6456749214 17.8368752806 14.9562473357 11.8606471561 15.8161362745 18.3958030908 16.3320696377 10.3558415133 10.2268581725 9.83990815 12.7205360949 19.599647605 7.9481524847 19.599647605 19.9436031805 6.5723301827 6.7443079705 18.8257475601 12.9785027765 15.472180699 15.3431973581 14.4833084194 17.1489641296 11.3291579271 8.4886394844 3.1627834711 0.7831456779 8.8285877405 15.6182284171 15.1282251234 7.5688769495 4.8625247519 9.0964910966 17.6648974928 0.2314154544 2.5075642572 2.1995967453 13.5030703672 14.9992417826 9.4959525745 16.8909974479 6.805069876 5.101192558 23.4325623235 3.3894156419 13.191257028
9.0660081051 12.8925138827 16.9769863418 9.83990815 14.741275101 15.6871529336 14.0103695031 15.3002029112 10.0548803847 20.5025309907 10.3988359602 15.429186252 17.3639363642 12.3765805194 3.2617577685 15.1712195704 18.8257475601 14.05336395 13.4514416929 9.9258970439 21.1474476948 17.1059696826 14.1823472908 11.258724899 13.365452799 14.4833084194 15.9021251683 11.5596860276 5.8478159017 1.9175521966 4.4659184531 4.3532430108 2.3714076278 7.8626489009 15.1712195704 0.4353629567 1.5242108229 6.4525435343 12.9742808547 5.2774557288 15.0609724369 4.295944325 17.322105735 2.6922625568 13.3268071964 15.6441584867 10.682859634 5.0891569227 6.1656597339 16.8740298031 16.1470179295
6.7873024174 18.1808308561 10.0978748317 13.8813861622 14.9132528888 16.5900363194 11.4307026867 17.9228641744 18.3958030908 16.0311085092 21.1474476948 6.8732913113 15.9021251683 15.6441584867 16.805008554 15.3861918051 19.9436031805 12.9355083296 15.7301473806 6.5723301827 11.0867471112 10.7857859827 18.7827531132 11.6026804745 15.2572084643 10.2268581725 6.9162857582 14.741275101 1.1256468106 0.7829136186 0.6131715498 6.2789758193 7.1855045024 12.3279825617 11.7316638153 1.2040881576 2.4591497101 4.1611223136 5.747490851 11.6816842687 8.3186653563 16.5340815469 14.7776822234 7.6387688439 16.3232811003 15.8161362745 7.8038945106 9.2818520821 6.7322401608 2.0296226172 5.3949645094
16.2460807438 5.1965078807 13.6664139275 12.5915527541 15.472180699 13.1074861173 15.0852306765 7.7331802501 14.0103695031 8.7220525296 10.2268581725 16.9769863418 7.7331802501 13.0214972235 3.8206855787 9.7969137031 14.9992417826 13.322458352 9.6249359153 18.6537697724 20.0295920744 15.6441584867 13.9673750561 15.5151751459 18.6537697724 14.0103695031 20.6315143316 7.0022746521 0.3412333403 1.3923473905 1.6590479704 8.2151752425 9.4518262102 7.0988418273 14.8702584418 17.5789085989 3.8554056872 2.1924491302 6.0993912664 2.2222274346 8.5089471939 7.072188417 7.9787171001 9.7351164236 4.3373854844 11.3879123173 0.9216993083 2.515999386 8.8614735355 10.3303332924 24.8426676901
7.0022746521 19.7716253928 15.3861918051 19.5566531581 20.0295920744 11.0867471112 16.16009185 18.911736454 19.4706642642 16.848003001 8.7650469766 16.2460807438 19.6856364989 9.0660081051 13.4514416929 8.0341413786 16.9339918949 14.9562473357 12.677541648 14.0103695031 6.4433468419 15.9881140622 15.3431973581 15.7731418275 20.1585754152 15.1712195704 5.2774557288 17.968404028 6.393789144 1.5171747513 19.1697031357 3.9261047525 3.1061254284 14.5606493921 20.6711059806 17.2779474704 1.7374893174 0.2784802627 2.6003441347 14.6552862071 0.165823775 11.740438659 5.1458149654 7.6954268866 16.9873458885 9.6218003382 1.2972831073 3.0447888984 6.0993912664 2.9272801179 15.2069476851
12.9785027765 17.7078919398 13.7094083745 19.9006087336 16.848003001 11.8606471561 13.7094083745 6.9592802052 8.4210914011 10.6568026419 13.1934750112 13.0644916704 15.3002029112 14.3543250786 12.1616082847 8.8080414235 13.1504805643 15.8161362745 10.8717748766 16.5470418724 19.6856364989 6.1853801603 16.3320696377 14.8272639949 7.3462302276 14.6122917602 0.1070693847 17.9505326143 7.1288464597 2.4572449957 5.2673499337 0.2314154544 5.6694237613 4.6925506238 6.9225786565 2.6003441347 0.4667394955 0.7980421329 0.6079339202 1.4864770069 14.8702584418 11.5641754882 8.7719296978 5.7123953923 9.6218003382 13.4745472415 1.6301104235 0.6079339202 5.2516616643 8.5070802949 18.7827531132
16.805008554 18.7827531132 14.2253417377 7.8191691439 17.8798697275 18.0088530683 14.1393528439 17.3639363642 14.4403139724 20.9754699071 15.6441584867 13.2364694582 13.2364694582 8.9370247643 16.0741029561 19.2986864765 14.0103695031 14.9562473357 6.9162857582 16.5040474255 17.6648974928 7.5182080154 15.6441584867 14.6552862071 9.6249359153 14.3113306316 7.9214032912 3.808595972 5.3949645094 2.1140077831 0.0431562216 1.9885016279 1.6603674523 1.7360100241 4.9735121001 2.6285923722 1.1308694492 2.053708826 14.8909983088 2.0826312443 1.6276714315 2.7415385594 14.2668774408 13.5030703672 1.8419096247 2.0990943691 1.4939537941 0.6770140179 1.0158289247 19.1267086887 8.7220525296
5.2824967746 19.4706642642 22.6092588907 14.6552862071 13.365452799 7.2602413337 16.117097403 12.8495194357 8.9800192113 10.2698526194 19.642642052 8.5500747419 15.6871529336 13.8813861622 15.2142140173 13.7094083745 20.3735476499 10.1408692786 8.9800192113 13.4944361398 9.151996999 17.9228641744 16.16009185 16.5900363194 19.1267086887 14.4403139724 3.2210520692 5.8062452413 4.7235689644 19.9865976275 18.3958030908 0.4196746873 1.7208815097 1.6301104235 1.8721666535 4.4288855827 4.9583835858 1.8473072032 5.3949645094 5.706621477 2.0385803116 2.0983195137 19.0837142418 4.5724030455 1.7374893174 2.2503795128 2.0234517972 1.7511385385 4.9249293872 6.5700523149 2.2865787466
7.5612024623 16.4610529785 16.6760252132 14.5263028663 15.1712195704 8.4210914011 7.7331802501 14.741275101 7.776174697 9.2379858929 16.0311085092 15.5151751459 8.8510358704 20.0295920744 14.1823472908 5.8844190317 9.151996999 16.4610529785 19.4706642642 15.472180699 17.1059696826 14.1823472908 8.5070802949 13.1504805643 12.634547201 14.3113306316 16.5900363194 18.6967642193 15.1712195704 12.3335860725 0.8589462307 2.6474089429 0.2685441299 1.1459979635 4.9191827946 19.4236417244 2.295765056 2.6317206735 11.258724899 1.9571250891 2.2552022078 1.8943720114 19.7286309459 7.6471913562 2.0512547055 1.6149819091 1.3880541935 1.2354646964 1.5759291416 11.1528947562 1.9100602809
16.3750640847 17.8368752806 15.6871529336 15.8591307214 4.8955467521 22.0933255275 5.8844190317 15.2142140173 18.8257475601 16.5040474255 15.5581695928 17.5789085989 15.0852306765 7.3462302276 14.3113306316 15.9451196153 15.3002029112 12.1616082847 6.8302968643 13.1074861173 15.9451196153 15.8161362745 9.1090025521 8.6790580827 9.7109248092 14.1393528439 18.6537697724 5.4114801154 4.2076356011 9.4529581276 2.0198781667 1.3880541935 0.2080300724 13.5312052841 4.2786310942 5.0424381677 1.2354646964 3.1808101027 14.0103695031 15.8161362745 13.7953972684 4.9249293872 11.3879123173 5.1599469483 1.8316189338 1.9175521966 0.0113593855 4.8751431985 17.4069308112 10.7857859827 11.7316638153
12.8065249888 14.2253417377 6.2283746072 17.7508863867 13.322458352 10.0548803847 10.1838637255 18.3098141969 18.6537697724 19.1267086887 17.0629752357 14.741275101 19.7716253928 12.5055638602 7.2602413337 16.848003001 15.6011640398 19.8576142867 14.0103695031 20.2015698622 15.3861918051 8.3351025072 11.94663605 18.6967642193 16.9339918949 14.8702584418 12.4625694133 14.9132528888 16.848003001 21.8353588458 4.6311574358 8.3326840231 9.7351164236 5.5712276802 18.0271584183 7.6041969092 15.7301473806 5.2824967746 15.6871529336 6.7873024174 12.5485583071 10.4478420729 8.0389120717 4.2198767039 0.137285838 0.9844523859 1.4707887375 4.6084426186 18.5247864316 16.7190196602 15.7301473806
20.9754699071 14.2253417377 12.0326249439 19.8146198397 17.6219030459 16.3750640847 14.3543250786 17.1489641296 17.8368752806 17.6219030459 17.2349530234 16.6330307663 13.4944361398 5.669446797 12.3765805194 17.1919585765 20.9324754601 20.1585754152 9.3669692337 20.0295920744 8.5070802949 12.4195749663 17.2349530234 19.0407197948 12.4625694133 20.4165420969 13.2794639051 9.2809803398 12.5485583071 14.2683361847 19.2986864765 3.7498415817 3.3327575992 0.3420869458 15.8591307214 17.3209419173 12.9355083296 18.911736454 17.5789085989 12.2046027316 13.1934750112 14.4431406116 5.8649996316 17.4929197051 8.5930691888 15.9451196153 14.8272639949 16.7620141071 14.1393528439 12.1616082847 6.6153246297
12.5485583071 16.3750640847 18.5677808785 14.4833084194 14.3973195255 13.4944361398 13.9673750561 19.8146198397 15.1282251234 8.7650469766 9.6679303623 14.3973195255 16.7190196602 13.1074861173 9.6249359153 6.1423857133 7.4322191215 16.4180585316 14.1393528439 18.3528086438 15.5151751459 20.7175032254 1.5335418151 0.5765573814 1.0942702718 17.8798697275 14.2683361847 13.9243806092 14.3113306316 6.7443079705 17.0199807887 9.0964910966 9.1552454869 13.4443159769 15.3002029112 14.9562473357 14.8272639949 14.9132528888 19.8576142867 13.7524028214 19.7286309459 7.7451401203 4.6311574358 17.4069308112 17.3639363642 15.0422362296 14.6122917602 12.677541648 13.1934750112 7.6471913562 16.4610529785
19.3416809234 14.6122917602 14.7842695479 14.1823472908 5.1535134337 17.3639363642 12.5485583071 17.6219030459 15.2142140173 13.4084472459 11.7316638153 6.6583190766 8.4210914011 15.0422362296 17.6648974928 7.1312579929 15.3861918051 20.330553203 15.7301473806 5.6264523501 9.4959525745 14.9132528888 2.3336435548 1.7662670529 0.9844523859 9.5819414684 16.6760252132 16.3320696377 10.1408692786 17.535914152 20.7175032254 7.2602413337 18.8257475601 6.2283746072 19.7286309459 17.8798697275 10.527819301 15.7731418275 19.599647605 15.7731418275 19.7716253928 13.4514416929 18.954730901 17.2349530234 14.9132528888 10.570813748 17.4069308112 16.2460807438 13.0214972235 17.9228641744 13.322458352
18.4817919846 11.2157304521 6.4433468419 10.0548803847 6.3143635011 9.5819414684 7.6471913562 12.0326249439 8.2491136133 10.1838637255 18.5677808785 10.4848248541 9.7969137031 9.7969137031 7.4322191215 13.9243806092 14.8702584418 8.4210914011 12.4195749663 12.2475971786 8.2491136133 20.4165420969 2.2395139384 2.3108935703 0.9060110389 16.16009185 20.2875587561 12.9785027765 15.7301473806 13.2794639051 15.5581695928 17.8798697275 18.0088530683 15.3431973581 15.8161362745 12.1616082847 7.4322191215 14.1823472908 18.954730901 13.0644916704 20.0295920744 15.2572084643 4.8955467521 12.0326249439 14.741275101 16.4610529785 17.2349530234 8.2921080602 7.8621635909 14.741275101 16.2460807438
8.8080414235 14.5692973133 16.8909974479 14.8272639949 9.1090025521 15.8591307214 5.7554356909 18.2668197499 16.16009185 13.9673750561 18.6107753255 11.3447137929 7.1312579929 17.2779474704 14.2253417377 9.3239747868 6.6583190766 18.9977253479 20.0725865214 15.3002029112 2.1767608607 1.14133508 1.6747362398 5.170182787 2.0826312443 13.6234194806 1.4864770069 0.1529741074 14.4403139724 6.4863412888 7.3032357807 13.6234194806 15.8161362745 9.0660081051 11.1727360051 13.5374305867 16.2890751908 12.2905916255 19.7716253928 13.6664139275 15.2572084643 16.9339918949 13.1934750112 19.642642052 16.7190196602 9.83990815 13.7524028214 19.6856364989 12.9785027765 19.599647605 14.4403139724
