inst/examples/data/000_luDiversity.asc
NCOLS 100
NROWS 100
XLLCORNER 212461.033821
YLLCORNER 9753254.946558
CELLSIZE 50
NODATA_VALUE NaN
[rows 46 to 68 of 100, columns 0 to 51 of 100]
0.5435495902 0.5612462877 0.5787869048 0.5958057715 0.6092759317 0.619692584 0.6302376481 0.6411275113 0.6514796555 0.6638336075 0.6747741285 0.6815070554 0.686517541 0.6911542446 0.6929814955 0.6944350172 0.6993429883 0.7057611299 0.711536612 0.7148335735 0.7183166313 0.719295835 0.7195365658 0.7164325131 0.713099686 0.7092976406 0.7061009474 0.7032846072 0.7019661683 0.7014540282 0.7005301267 0.6988176782 0.6980862573 0.6968685272 0.695643103 0.6955002394 0.6948768484 0.6937952605 0.6930237605 0.6932856227 0.6934998971 0.6933954398 0.6929715997 0.6913840028 0.6910655367 0.6912871014 0.6932594679 0.6952797625 0.6964329449 0.697584061 0.6987273694 0.6995907361
0.5470240616 0.5635900308 0.5795918521 0.5972216576 0.6103521606 0.6225842511 0.6327121633 0.645275121 0.6554047826 0.6665867475 0.6764524087 0.6845120266 0.6894438265 0.6948941604 0.6963419439 0.6997234281 0.704869042 0.7118275309 0.7186794755 0.7218138972 0.7237156301 0.7235561671 0.7247521446 0.7209287281 0.7168730745 0.7140421063 0.7114457919 0.7092077111 0.707184832 0.7059910384 0.70567034 0.7048656659 0.7040713779 0.7034202838 0.7018314463 0.7004107742 0.6997420647 0.6995247239 0.6987080401 0.6983387886 0.698523005 0.6986910451 0.6982558529 0.6972311069 0.6965992729 0.6967995273 0.6984670077 0.7004755288 0.7016193835 0.7027611893 0.7041798478 0.7050308576
0.5492162316 0.5651805942 0.5802858427 0.5965637499 0.6112349171 0.6250285243 0.6358473419 0.6493198269 0.658845664 0.6688803295 0.6771959072 0.686189694 0.6928602294 0.6978672892 0.7008945827 0.704967938 0.7103471947 0.7183045927 0.7247114329 0.7276725575 0.728722749 0.729176169 0.7289031967 0.7250428941 0.7219429065 0.7197050806 0.7173808942 0.7144441695 0.7123955578 0.7114749942 0.7110901618 0.7105381517 0.7096797164 0.708980401 0.7070368133 0.7055785057 0.7054749037 0.7052102962 0.7037636195 0.7033698451 0.7038240825 0.7039524274 0.7034902272 0.7024443284 0.7015152495 0.7016943975 0.7033454396 0.7053373673 0.706471334 0.7078866698 0.7090154981 0.7092944891
0.5506259945 0.5672514194 0.5814578309 0.5975855204 0.6145290366 0.6278656102 0.6405219207 0.651765917 0.6592373473 0.6688151107 0.6775007574 0.688691558 0.6957510962 0.7016154154 0.7066144677 0.7117153292 0.7161451436 0.7229281155 0.7292156056 0.7330794634 0.7343866959 0.7343744826 0.733344021 0.7301066621 0.7272733596 0.7243324909 0.7222846131 0.7199910364 0.7178992102 0.7169308588 0.7167622681 0.7158285012 0.7149204218 0.7141729127 0.7125106331 0.7110127758 0.7099758026 0.7096913612 0.7085173902 0.7074976523 0.7073374239 0.7071562672 0.7066768889 0.7059001378 0.7049583859 0.7045519988 0.7056223656 0.7076067682 0.7093026117 0.7107123835 0.7115566543 0.7118371207
0.5506259945 0.5685887507 0.5834262683 0.5988028235 0.6156888214 0.6300862271 0.6417864925 0.6520747435 0.6586362348 0.6697688189 0.6784855308 0.6899935223 0.6995332877 0.7057328779 0.7122828802 0.7165255424 0.7216693073 0.7275414595 0.7343519412 0.7384785783 0.7392842598 0.7395123967 0.7377249771 0.7351284812 0.7319083432 0.7296065326 0.7275294265 0.7251914401 0.723351199 0.7223160232 0.7217610909 0.7204661028 0.7192192609 0.7184401928 0.7176508914 0.7155222229 0.713861764 0.7126595088 0.7114592783 0.7098352433 0.7093686935 0.7091784256 0.7086878298 0.7079003837 0.7069519518 0.7062563027 0.7073219842 0.7090185944 0.7109915893 0.7123981585 0.712960613 0.7132418903
0.5506259945 0.5698042253 0.5864453435 0.6009255703 0.6163343254 0.6314915008 0.6415890335 0.6524610749 0.6590955743 0.6697688189 0.6803246396 0.6915883904 0.7023864325 0.7098230604 0.715621387 0.7205505977 0.7263416817 0.7316965921 0.7390481813 0.7437649721 0.7440885229 0.7446222612 0.7427570523 0.7394461397 0.7368690531 0.7348577071 0.7327342092 0.7306465815 0.7284252422 0.7270293524 0.7264410409 0.7251083055 0.7235049663 0.722371901 0.7209507602 0.7185035129 0.7162324018 0.7150129894 0.7137984039 0.7115784453 0.7108114038 0.7103245453 0.7104008422 0.7096075341 0.7089368131 0.7082366912 0.7090154981 0.7098610859 0.7115508821 0.7126768101 0.7132395902 0.7135221789
0.5506259945 0.5689536272 0.5881831389 0.6023684979 0.6158961687 0.6305646572 0.6404222459 0.6517337953 0.6600125408 0.6697026661 0.6821585811 0.6933539602 0.7036352933 0.7106952809 0.7184793007 0.7253173362 0.7313334144 0.7364400077 0.7433156921 0.7472367313 0.7492402087 0.7493446688 0.7474359856 0.7444038048 0.7421188391 0.7400490453 0.7378710208 0.7353965518 0.7337731778 0.732032108 0.7301681071 0.7284854043 0.7268439937 0.7247788879 0.7233365221 0.7211686615 0.7182920934 0.7164735123 0.7152515397 0.7133147785 0.7122482911 0.7117525242 0.7118201179 0.7107395489 0.7097841856 0.7088004516 0.7095778998 0.710139415 0.7115485731 0.7123950858 0.7132395902 0.7132415069
0.5511134929 0.5700375785 0.5892242223 0.6037893292 0.6153129388 0.627278313 0.6397343649 0.6506198159 0.6608526328 0.671471319 0.6839250361 0.693824174 0.7040874536 0.7111771022 0.7216248845 0.7295783818 0.7357424391 0.74117481 0.7475521591 0.751358472 0.7533219982 0.7540443119 0.7524000273 0.7496643248 0.7470030767 0.7448699621 0.7426269688 0.7407510528 0.7384593911 0.735756687 0.7335505875 0.731537199 0.7295615875 0.727176233 0.7251173522 0.7229349704 0.720342554 0.7179255198 0.7169874605 0.7153319812 0.7133906135 0.7123191274 0.7115288297 0.7110200369 0.7100642538 0.7090819981 0.7092968099 0.7098587681 0.7109858096 0.7121131384 0.7129583115 0.712960613
0.5526315682 0.5712238591 0.590249652 0.6042100941 0.6144077085 0.6237957691 0.6375954163 0.6500757093 0.6616338725 0.6718024007 0.6839627477 0.6945085404 0.7039972847 0.7130524632 0.7240983576 0.7334087162 0.7386870993 0.7454955608 0.7518487159 0.7549157529 0.7581705489 0.7584687982 0.7570997249 0.7543242684 0.7519266552 0.7497402027 0.7474485874 0.7449118528 0.7419644731 0.7392207712 0.7363773069 0.7337363396 0.7311410886 0.7287412877 0.7266687499 0.7244745393 0.7224545448 0.7197324735 0.7179106942 0.7159683008 0.7137445098 0.7120957049 0.7113062963 0.7107995625 0.7098470345 0.7091485112 0.7090819981 0.7096444251 0.7104891047 0.7118975942 0.7127434748 0.7127461621
0.5543805045 0.5713093808 0.5896930611 0.6040610125 0.6143710911 0.623906168 0.6380018111 0.6538239547 0.6639562289 0.6733092002 0.6851614972 0.6961094304 0.7069672814 0.7162013224 0.7275115161 0.7370043006 0.7433693591 0.7504815887 0.7563614055 0.7604034756 0.7628805707 0.7637870834 0.7633288878 0.7601577133 0.7573570085 0.7551050238 0.7527580964 0.7495366243 0.7468443543 0.7437473401 0.7399542748 0.7366768936 0.7343524414 0.731920333 0.7295237481 0.7273035916 0.724965412 0.7222226602 0.719225062 0.7175627504 0.7156164658 0.7130987207 0.7120192406 0.7112189675 0.7108330748 0.7101310027 0.7103479835 0.7109108898 0.7114729066 0.7126004587 0.7134484071 0.7137336898
0.5579932637 0.5719618018 0.5890960927 0.6036584642 0.6143708935 0.6246909333 0.638830975 0.6541680398 0.6658009243 0.6749390785 0.686813344 0.6987372456 0.7099586978 0.7188115775 0.7311787265 0.7406433705 0.7484921617 0.7565857297 0.7626933222 0.7662568777 0.7686430861 0.7704605941 0.7692504687 0.766304831 0.7634360363 0.7611146309 0.7580760431 0.7551029783 0.7517343525 0.7479809788 0.7441456718 0.7405266763 0.7378636841 0.7353960155 0.7326716056 0.7298371734 0.7268944632 0.7244198245 0.7213968085 0.7188493376 0.7168951967 0.7146569837 0.7129910205 0.7121838841 0.7120760822 0.71165388 0.7121551721 0.7124370764 0.7130002142 0.7138461595 0.7146959047 0.7149818004
0.5596230335 0.5723428291 0.5875131952 0.6021869661 0.6158738666 0.6292010184 0.6414327057 0.6554879874 0.6664450225 0.6772658919 0.6896485195 0.7019988705 0.7122744746 0.7211666336 0.7337551397 0.7452228584 0.7535010139 0.7615237026 0.7685804395 0.7723539175 0.7753022175 0.7763340594 0.7750347298 0.7723285916 0.7697005522 0.7673069168 0.7638872875 0.7602273195 0.7561925047 0.7526933125 0.748808783 0.7451431044 0.7418339498 0.7390299137 0.7356850847 0.7322356646 0.7292666948 0.7264789341 0.7237212131 0.720567889 0.7188885218 0.7169229274 0.7146682331 0.7138506595 0.7134462142 0.7135903772 0.7140925501 0.714377053 0.7149414629 0.7155049737 0.7160730509 0.7163602587
0.5610124491 0.5744542751 0.5881270432 0.6004791672 0.6164214821 0.632057107 0.6443760946 0.6560917904 0.6673090207 0.6796863149 0.6916733957 0.7036068305 0.7134915096 0.722949795 0.7373888016 0.7486169131 0.7577106758 0.7668310343 0.7741451354 0.7788347488 0.7813344038 0.7816100065 0.7811902247 0.7784068664 0.7766357987 0.7729045903 0.7694160838 0.7650803473 0.7612944378 0.7577370178 0.7537980792 0.7497803489 0.7455291245 0.741796453 0.7387160225 0.7352367724 0.7316545951 0.7285507066 0.725769652 0.7228741761 0.7205924723 0.7189013404 0.7169229274 0.7155153395 0.7151028634 0.7152402008 0.716029913 0.7166005535 0.7171683069 0.7177331829 0.7180178362 0.718304224
0.5618546466 0.5760517253 0.5891120079 0.6021542501 0.6175653114 0.6338711554 0.645623857 0.6580697693 0.6700297497 0.6815167595 0.6943608518 0.7050165057 0.7150268919 0.7255438038 0.7397076386 0.7526010685 0.7614665699 0.7702145167 0.7785913964 0.7842716903 0.7867621851 0.7872648132 0.7867597558 0.7854838191 0.7823596046 0.7785509944 0.7746849922 0.7705919414 0.7667401475 0.762816431 0.7585208326 0.7538560724 0.7492610137 0.745185764 0.7414758417 0.73767319 0.7340627289 0.7306387334 0.7278325592 0.7252006678 0.7228852127 0.7211755408 0.7194691762 0.7177599667 0.7170524154 0.7171810044 0.7185433615 0.7191155109 0.7196867341 0.7202530732 0.7202530732 0.7202530732
0.5623007962 0.5766843026 0.5910631797 0.6042205622 0.6184049981 0.6337616765 0.6472323229 0.6614444272 0.673839416 0.6838241305 0.6962896794 0.7054932535 0.7175893065 0.727588649 0.7423416353 0.7561253981 0.7662054446 0.7738441173 0.7811186293 0.7872024343 0.7914048747 0.792579985 0.7927228415 0.791664328 0.7878327716 0.7845686034 0.7806283717 0.7764617676 0.7722343881 0.7679442252 0.7629924412 0.7579773184 0.7533313624 0.7486127881 0.7442678642 0.7407255287 0.7370818353 0.7333309147 0.7302042567 0.7275457107 0.7252006678 0.7234598877 0.7223177297 0.720593685 0.7192939866 0.7194165068 0.7207802391 0.7219286936 0.7225015175 0.7227875795 0.7227875795 0.7222152223
0.5644271487 0.5797033303 0.5943330877 0.6072458266 0.6191030235 0.6331544254 0.6492101326 0.6640225784 0.6766396546 0.6863703455 0.6970770895 0.7085887549 0.7195116556 0.7303110862 0.7440642653 0.7583769332 0.7684076589 0.7761444609 0.7831736776 0.7900290412 0.7952678028 0.7974666362 0.7979369614 0.796579889 0.794006994 0.7903506478 0.786639599 0.7823943741 0.77779094 0.7728338587 0.7675231208 0.7624512576 0.7574531684 0.7523867049 0.7476944505 0.743811084 0.7404253846 0.7366385417 0.7331847327 0.7304950221 0.7281220438 0.7263515695 0.7248922931 0.7234406113 0.7221289143 0.7219540056 0.7233222981 0.7244722254 0.7253350708 0.7253395052 0.7256262426 0.7250503139
0.5671659347 0.5827097877 0.5970151694 0.6098692914 0.6199209844 0.6336656797 0.6498370524 0.666641423 0.6792872779 0.689953377 0.6976025538 0.7099218235 0.7216227849 0.7326244737 0.745406499 0.7591997547 0.7703538756 0.7792191707 0.7859872214 0.7923081057 0.7969676588 0.8008758762 0.8013846064 0.8010026785 0.7993836835 0.7963504504 0.792247636 0.7876256879 0.7826546382 0.7776320241 0.7722588702 0.7668298413 0.7614771794 0.7563560748 0.7516133674 0.7473834928 0.7436569987 0.740126832 0.7366385417 0.7336227943 0.731220166 0.7291296784 0.7276380363 0.7264600591 0.7254230647 0.7246608417 0.7257476889 0.7271881072 0.7283398316 0.7283451213 0.7283471557 0.7277687232
0.5717959164 0.5855476358 0.5989662364 0.6108743609 0.6232310485 0.635893167 0.6514523811 0.6672820308 0.6794946214 0.69120353 0.7005366386 0.7098701229 0.724582604 0.7356829117 0.7474040797 0.7605530413 0.772281162 0.7800551687 0.7880624615 0.7948516038 0.7999436016 0.8038726859 0.804417932 0.8050239826 0.8040574635 0.8016524269 0.7972544087 0.7923416339 0.7879055743 0.78251239 0.776773506 0.771280836 0.7658655784 0.760684746 0.7558868797 0.7513044861 0.7472308914 0.7436569987 0.7404253846 0.7373746275 0.7346464825 0.7322363684 0.7304264871 0.729218286 0.7287461205 0.7279756748 0.7287746285 0.729933875 0.7310904994 0.7313826524 0.730808808 0.7305141113
0.5757792066 0.5885459697 0.6007398932 0.6131245648 0.6264865891 0.6392314571 0.6538378709 0.6679321723 0.6815038394 0.691653314 0.7030878416 0.7124368967 0.7278259948 0.7380929228 0.750671229 0.7618883754 0.7727183512 0.7814737812 0.7896317415 0.7961176269 0.8020091486 0.8057018181 0.807596466 0.8085664409 0.8070032108 0.8052497492 0.8014866302 0.7972002809 0.7924762436 0.7873171289 0.7815082683 0.7759487399 0.7704677047 0.7652240938 0.76036824 0.7557306128 0.7513044861 0.7473834928 0.7441099177 0.7410232333 0.7382630089 0.7355289664 0.7334021539 0.7321681009 0.731382227 0.7314703347 0.731983601 0.7331475528 0.7337333751 0.7343146723 0.7340241459 0.7331475528
0.580114085 0.5912598436 0.6035784347 0.6158336589 0.629345737 0.6425735745 0.6552429361 0.6685808467 0.6822062907 0.6927533454 0.7041155205 0.7152325995 0.7308734274 0.7419065718 0.7523658162 0.7633099257 0.7736075679 0.7826855517 0.7905857968 0.7975411312 0.8031654894 0.8079698555 0.8099442148 0.8106575079 0.8100839147 0.8074373082 0.8043252501 0.8009814512 0.7965772471 0.7914389746 0.7858643766 0.7808402757 0.7752901862 0.769980652 0.765063892 0.76036824 0.7558868797 0.7516133674 0.7479945365 0.7451647357 0.742369478 0.7393065704 0.7368574211 0.735013076 0.7342063371 0.7342814117 0.7359626555 0.7362598958 0.7365560376 0.7371403974 0.7368415937 0.736255884
0.582518707 0.5950465614 0.6083668593 0.6195260128 0.632196899 0.6442183175 0.6584386067 0.6709210459 0.682879742 0.6928554654 0.7042988303 0.7166625372 0.7312006283 0.7446209237 0.7546282121 0.7637036806 0.7737779475 0.7838925266 0.7926888927 0.7983200054 0.8044284441 0.8097021432 0.8117774927 0.8119142171 0.8107731599 0.8088169701 0.8063773986 0.8030651652 0.7996060638 0.7947888236 0.7898379712 0.7853570504 0.78004067 0.7749613284 0.769980652 0.7652240938 0.760684746 0.7563560748 0.7523867049 0.7492129859 0.7466766368 0.7438730577 0.7410963323 0.7389307425 0.7375159522 0.7372855573 0.7389699954 0.7398536644 0.7398609294 0.7398575106 0.7395548706 0.7395499527
0.5847560056 0.597268901 0.6112328538 0.6236696375 0.6354671494 0.6461294196 0.6598944511 0.6726711085 0.6848199669 0.6950737974 0.7069568845 0.717399692 0.7312090502 0.7444365755 0.7567488931 0.7663941935 0.7743223945 0.7838774633 0.7924526506 0.8003467704 0.806216363 0.8106421833 0.8128460712 0.8127424718 0.8116683022 0.809452771 0.8070633906 0.8044323881 0.8016371711 0.7974515867 0.79313229 0.7889723734 0.7845819534 0.78004067 0.7749913765 0.7704677047 0.7658655784 0.7614771794 0.7574531684 0.7539284352 0.7510491047 0.7482055225 0.7456903858 0.7434965772 0.7417638129 0.7409302706 0.7414450172 0.7429217775 0.7432172736 0.7426173463 0.7423156868 0.7426069313
0.5871621715 0.6002893656 0.6147148565 0.6279974737 0.6380567312 0.6499416731 0.6613640156 0.6730937649 0.6859605807 0.6959558741 0.7083347563 0.7195362606 0.7333557034 0.7444117104 0.7572808144 0.7683454117 0.7764968804 0.7850451039 0.7926697557 0.8018386286 0.8084999662 0.8120272585 0.814361251 0.8133616272 0.8120393492 0.809883909 0.8069191322 0.8046542971 0.8019060637 0.7993205944 0.7953407064 0.7918205356 0.7874446051 0.783837489 0.7796308034 0.7753454472 0.7709824862 0.7668298413 0.7627485541 0.7588684745 0.7556415025 0.7527558354 0.7502032793 0.7482754641 0.7465194043 0.7453744767 0.7450048486 0.7456001636 0.746187833 0.7455834116 0.7458650491 0.746163618
