inst/examples/data/000_canopy.asc
NCOLS 100
NROWS 100
XLLCORNER 212461.033821
YLLCORNER 9753254.946558
CELLSIZE 50
NODATA_VALUE NaN
[rows 0 to 22 of 100, columns 0 to 51 of 100]
0.0189385298 0.0227510622 0.0239360385 0.0234723522 0.0256877426 0.0222873759 0.0248634113 0.0229056244 0.0343947424 0.0233693108 0.0210508789 0.0203811097 0.0270272811 0.0329006418 0.0350129909 0.0342401803 0.0244512456 0.0251210148 0.024554287 0.0325399969 0.021566086 0.0232662693 0.0197113404 0.0209478374 0.0275940089 0.0231632279 0.0248634113 0.0228541037 0.0285729023 0.0206902339 0.0248634113 0.0247088492 0.0194537369 0.0191961334 0.0253270977 0.0211023996 0.0232147486 0.0225965001 0.0193506955 0.0231632279 0.0319217484 0.0250694941 0.0162079323 0.0207417546 0.0220297723 0.0220297723 0.0213084824 0.0225965001 0.0324369555 0.0355797187 0.0304791685 0.0305306892
0.0321793519 0.0234208315 0.0320247898 0.019608299 0.0327460797 0.0168777015 0.0323854348 0.0217206481 0.0322823933 0.0251725356 0.0230086658 0.0192476541 0.0330036833 0.0302730857 0.0259453462 0.0217721688 0.028985068 0.0341371389 0.0232662693 0.0270272811 0.0328491211 0.0307882928 0.0269242396 0.0202265475 0.0325399969 0.0222873759 0.0259968669 0.0234723522 0.0257392633 0.0260999083 0.0260483876 0.0215145652 0.02986092 0.0343432217 0.0214630445 0.0216691274 0.0236269143 0.0238329971 0.0223904173 0.023678435 0.0344977838 0.0159503287 0.0353221151 0.0187839677 0.0260999083 0.0210508789 0.0272333639 0.0281092159 0.0189900505 0.0331582454 0.0228541037 0.0253786184
0.0199174233 0.0263575119 0.0247603699 0.0218236895 0.0239360385 0.0224934587 0.0260483876 0.0264605533 0.0251210148 0.0195052576 0.0246573285 0.024554287 0.0242451628 0.02403908 0.0197113404 0.0197628611 0.0333128075 0.0212569617 0.0348069081 0.0209478374 0.0337249732 0.0250179734 0.0232662693 0.0228541037 0.0292426715 0.0177535535 0.0332097661 0.0257392633 0.0300670029 0.0239360385 0.0329521626 0.0242451628 0.0242451628 0.0198143819 0.0347038666 0.0297063579 0.0256877426 0.0194022162 0.0235753936 0.0250179734 0.0344462631 0.0201235061 0.0352190737 0.0208963167 0.033931056 0.0246058078 0.0280061745 0.0175989914 0.0219267309 0.0323854348 0.0243482042 0.0360434051
0.023678435 0.027387926 0.0331582454 0.024914932 0.0348069081 0.0255331805 0.019968944 0.0235753936 0.0185263641 0.0352705944 0.0195567783 0.0257907841 0.0338795353 0.0347553874 0.0316126241 0.0247603699 0.0250694941 0.0272848846 0.0247088492 0.0218752102 0.0350129909 0.0241936421 0.0348069081 0.022441938 0.020844796 0.0319217484 0.0210508789 0.0347553874 0.0211539203 0.0226480208 0.0198143819 0.0260483876 0.0244512456 0.0206387132 0.0235238729 0.0272848846 0.0206387132 0.0326430383 0.026151429 0.0201235061 0.0333128075 0.0215145652 0.0193506955 0.0265635947 0.0237299557 0.0218236895 0.0174444293 0.0184748434 0.0225449794 0.0218752102 0.0213600031 0.024914932
0.0182172399 0.022802583 0.0238329971 0.0335188903 0.0313034999 0.0258938255 0.0248118906 0.0379496713 0.0267181568 0.022802583 0.0327460797 0.0250179734 0.0217206481 0.0211539203 0.0225965001 0.0352190737 0.0144047075 0.0333128075 0.0267181568 0.0197628611 0.0231632279 0.0326430383 0.0210508789 0.0178565949 0.0250694941 0.0257907841 0.0222358552 0.0299124407 0.0202780682 0.0218752102 0.032694559 0.0216176067 0.0206902339 0.0348584288 0.0172383464 0.021205441 0.0222358552 0.0291396301 0.0313034999 0.022081293 0.0327460797 0.0359918844 0.0307882928 0.0179596363 0.0332612868 0.0234723522 0.0260483876 0.023678435 0.036764695 0.0231117072 0.0312519792 0.0270788018
0.0250694941 0.0313550206 0.0338280146 0.0213084824 0.0317671863 0.0209478374 0.0244512456 0.0338280146 0.0266666361 0.0203295889 0.0210508789 0.0203295889 0.026512074 0.0214115238 0.0256362219 0.0288820266 0.0215145652 0.0204326304 0.0184748434 0.0187839677 0.0219782516 0.033055204 0.0329521626 0.0224934587 0.0257392633 0.0259453462 0.0225965001 0.0201235061 0.0230601865 0.0229571451 0.0206387132 0.022802583 0.0239360385 0.0237299557 0.0213600031 0.0238329971 0.022081293 0.0179596363 0.0230601865 0.0341886596 0.0229571451 0.0226480208 0.0264605533 0.0254816598 0.0195567783 0.0202780682 0.0258423048 0.025275577 0.0221843345 0.0358373222 0.0264090326 0.0363010086
0.0288820266 0.02403908 0.0217206481 0.0211539203 0.0217721688 0.021566086 0.0321793519 0.0227510622 0.0299124407 0.0206902339 0.022081293 0.0213084824 0.0239360385 0.0199174233 0.0247603699 0.0212569617 0.0195567783 0.0247088492 0.026151429 0.022802583 0.0219782516 0.0272848846 0.027387926 0.0210508789 0.0255847012 0.028624423 0.020844796 0.0341886596 0.0241421214 0.0208963167 0.0217206481 0.0207932753 0.0268727189 0.0237814764 0.0217721688 0.0323854348 0.0209478374 0.0203811097 0.0222358552 0.0271818432 0.0244512456 0.0247088492 0.0229571451 0.0340856181 0.0349099495 0.0251210148 0.0353221151 0.0242966835 0.020844796 0.0241421214 0.0255331805 0.0222358552
0.034291701 0.0213600031 0.0254816598 0.0216176067 0.0168261808 0.0242451628 0.022081293 0.0233693108 0.0204326304 0.0206387132 0.019968944 0.0268727189 0.0224934587 0.0218752102 0.0357858015 0.0288305059 0.0211023996 0.02331779 0.0208963167 0.0223904173 0.0269757604 0.0371253399 0.0189900505 0.0218752102 0.0300154822 0.0197113404 0.0247088492 0.0344977838 0.0237299557 0.0324884762 0.0325915176 0.0203811097 0.0214630445 0.0203295889 0.0232147486 0.0205356718 0.0234208315 0.0355797187 0.0227510622 0.0305306892 0.0242966835 0.0217206481 0.0246573285 0.0248118906 0.0217721688 0.0244512456 0.0192476541 0.0254816598 0.0248634113 0.0268211982 0.0238329971 0.0201750268
0.0168777015 0.0340340974 0.0385163991 0.0225449794 0.0204841511 0.0246573285 0.0258938255 0.024914932 0.0179081156 0.0243997249 0.0237814764 0.025275577 0.0338795353 0.0207417546 0.0237299557 0.0300670029 0.0268211982 0.0206902339 0.027748571 0.0223904173 0.0343947424 0.0200204647 0.0241421214 0.0316126241 0.0308913342 0.0250179734 0.0218752102 0.0205356718 0.0365070914 0.0214115238 0.0303246064 0.0325399969 0.0320247898 0.0260999083 0.0209993582 0.0230601865 0.0275940089 0.0262544704 0.0180111571 0.0306337307 0.0258938255 0.0339825767 0.0336219318 0.0191961334 0.0260999083 0.0226480208 0.0345493045 0.0315611034 0.0193506955 0.0275424881 0.0243482042 0.0249664527
0.0205871925 0.0212569617 0.0290881094 0.0231632279 0.0279031331 0.02331779 0.0228541037 0.0309428549 0.0203811097 0.0260999083 0.0190415712 0.0281607367 0.0238845178 0.0332612868 0.0251725356 0.0216691274 0.0234723522 0.0250694941 0.0325915176 0.0235238729 0.0232147486 0.0245027663 0.0282122574 0.0220297723 0.024914932 0.0225965001 0.022802583 0.0365586122 0.0235753936 0.0248634113 0.0209993582 0.0371768607 0.0344977838 0.0286759437 0.0237299557 0.0241936421 0.0202780682 0.0237299557 0.031097417 0.0335704111 0.0242451628 0.023678435 0.0351160323 0.024554287 0.0292426715 0.0248118906 0.0272333639 0.0235238729 0.0191446126 0.0207417546 0.0235238729 0.0243482042
0.0201750268 0.0217206481 0.0334673696 0.021205441 0.0287274644 0.0211023996 0.0360949258 0.0212569617 0.0232147486 0.0328491211 0.0219267309 0.0259968669 0.0237814764 0.0222358552 0.0201750268 0.0230086658 0.0180111571 0.0173929086 0.026151429 0.0305306892 0.0225449794 0.0312004585 0.0235753936 0.0192991748 0.0347038666 0.0233693108 0.0232147486 0.0334158489 0.020844796 0.0204326304 0.022081293 0.0221328137 0.023678435 0.0247603699 0.0325399969 0.0324369555 0.034291701 0.0245027663 0.0204841511 0.0200204647 0.0204326304 0.0241421214 0.0245027663 0.0197113404 0.0223904173 0.0253270977 0.0259968669 0.0244512456 0.0214115238 0.0173929086 0.0208963167 0.0204841511
0.0301700443 0.0216176067 0.0231632279 0.0368677364 0.0265635947 0.0225965001 0.0313550206 0.0238845178 0.0247603699 0.0260999083 0.0234208315 0.0218752102 0.015538163 0.0359918844 0.024554287 0.0238845178 0.0306852514 0.0306337307 0.0203811097 0.0214630445 0.0360949258 0.0195052576 0.0334673696 0.0198143819 0.0309428549 0.0303761271 0.0205871925 0.022802583 0.0329006418 0.0200719854 0.023678435 0.0267181568 0.021205441 0.0217206481 0.0202780682 0.0312004585 0.0214630445 0.0187839677 0.0255331805 0.0236269143 0.02331779 0.022802583 0.0269242396 0.0259453462 0.019968944 0.0294487544 0.0199174233 0.0231632279 0.024914932 0.0257392633 0.0200719854 0.0214115238
0.0266666361 0.0218236895 0.0247088492 0.0332097661 0.016259453 0.0153836009 0.0206387132 0.0327976004 0.0253270977 0.0314065413 0.0268727189 0.0334158489 0.0242966835 0.0332612868 0.0346523459 0.0336219318 0.0309943756 0.0316641448 0.0213084824 0.0240906007 0.0350129909 0.022081293 0.0231117072 0.0201235061 0.0254301391 0.0224934587 0.021566086 0.0221843345 0.0227510622 0.0237299557 0.0256877426 0.0246058078 0.0209993582 0.0247088492 0.0245027663 0.0230086658 0.0238845178 0.0240906007 0.0297063579 0.0212569617 0.0350129909 0.0226480208 0.0223388966 0.0216176067 0.024554287 0.0221328137 0.0239360385 0.0284698609 0.0232662693 0.0272848846 0.032333914 0.0230601865
0.0205356718 0.0323854348 0.0165170565 0.0241421214 0.0268727189 0.0182172399 0.0214630445 0.0329006418 0.0216691274 0.0278516124 0.0241936421 0.0237814764 0.0276970503 0.0206387132 0.0218752102 0.0297578786 0.0344977838 0.0257392633 0.0271303225 0.0311489378 0.0234208315 0.0195052576 0.0226480208 0.0221843345 0.0337764939 0.0221843345 0.0216691274 0.0210508789 0.0203295889 0.0300670029 0.0243997249 0.0256877426 0.0224934587 0.0240906007 0.0243997249 0.0243997249 0.0200204647 0.0211023996 0.0237814764 0.018732447 0.0264605533 0.0255847012 0.0233693108 0.0327460797 0.033055204 0.0217206481 0.0301185236 0.0189385298 0.0191961334 0.0362494879 0.0239875593 0.0251725356
0.0229056244 0.023678435 0.0319732691 0.0344462631 0.0239360385 0.016259453 0.0340856181 0.0207417546 0.0280576952 0.0263575119 0.0266666361 0.0226995415 0.0216691274 0.0358373222 0.0246573285 0.0189900505 0.0204841511 0.0211023996 0.0333128075 0.0216176067 0.022441938 0.0340340974 0.0218236895 0.0255331805 0.0189900505 0.0226995415 0.0171868257 0.0259968669 0.0292941922 0.0226480208 0.0248118906 0.0233693108 0.0190415712 0.0209993582 0.0254816598 0.0326430383 0.0226995415 0.0192991748 0.033055204 0.0341886596 0.0258938255 0.0225449794 0.0222358552 0.0211023996 0.0266151154 0.0318702277 0.0334158489 0.0235238729 0.0202780682 0.0282122574 0.024914932 0.022441938
0.0353736359 0.0252240563 0.0303761271 0.0321793519 0.0327976004 0.033055204 0.0213600031 0.0167746601 0.027748571 0.022441938 0.0235238729 0.0218752102 0.0228541037 0.0170322636 0.0251725356 0.0210508789 0.0307882928 0.0324884762 0.0223904173 0.0259453462 0.0243482042 0.0259453462 0.033055204 0.0269757604 0.022441938 0.020844796 0.0266666361 0.0280576952 0.0257392633 0.0350645116 0.0213600031 0.0235753936 0.0344462631 0.0299124407 0.03058221 0.0289335473 0.022081293 0.0233693108 0.0189385298 0.0243997249 0.0179596363 0.0217721688 0.0216176067 0.0332612868 0.025275577 0.032333914 0.0242451628 0.0378981506 0.0304276478 0.0181657192 0.0231632279 0.0257392633
0.028624423 0.0201750268 0.0275424881 0.0216176067 0.0214630445 0.0326430383 0.0238845178 0.0230086658 0.0284698609 0.0340340974 0.022802583 0.0204841511 0.022441938 0.0302730857 0.0253786184 0.0240906007 0.0201235061 0.0214630445 0.0255331805 0.0296033165 0.0321793519 0.0264090326 0.0340856181 0.0239875593 0.0187839677 0.0162079323 0.0220297723 0.0290365887 0.0355797187 0.0259968669 0.0239875593 0.0239360385 0.0246573285 0.0334158489 0.0239875593 0.022441938 0.0237814764 0.0312004585 0.0239360385 0.0209993582 0.030221565 0.0235753936 0.0204326304 0.0316126241 0.019968944 0.0252240563 0.0313034999 0.026512074 0.0360434051 0.0200204647 0.0255331805 0.0188870091
0.0202265475 0.022441938 0.0356312394 0.0184233227 0.0352190737 0.0313034999 0.0258423048 0.0231632279 0.0199174233 0.0359918844 0.0305306892 0.0336734525 0.0224934587 0.0275940089 0.0252240563 0.0219267309 0.0332612868 0.0270788018 0.0207932753 0.0344977838 0.0358373222 0.0203295889 0.0341886596 0.0233693108 0.0223388966 0.0252240563 0.0309943756 0.0263059911 0.0151259974 0.018732447 0.0231632279 0.0209993582 0.0360949258 0.0348584288 0.0241936421 0.021566086 0.035167553 0.0197628611 0.0226480208 0.033931056 0.0210508789 0.0209478374 0.0308398135 0.0175989914 0.0346008252 0.0188870091 0.0274909674 0.0207932753 0.0342401803 0.032694559 0.0216691274 0.0228541037
0.0242966835 0.0227510622 0.034291701 0.0230601865 0.02403908 0.0264605533 0.0331582454 0.0329521626 0.0341371389 0.0246058078 0.0216176067 0.0234208315 0.0253786184 0.0223388966 0.0236269143 0.0194537369 0.0195052576 0.026512074 0.0204841511 0.0240906007 0.0329521626 0.0197628611 0.0235753936 0.0207932753 0.0204326304 0.0235753936 0.0138895004 0.0238329971 0.022081293 0.0214115238 0.0338280146 0.021566086 0.0221843345 0.019968944 0.0332097661 0.0244512456 0.0200204647 0.0321278312 0.0249664527 0.0242966835 0.0183202813 0.0354766773 0.0187839677 0.0214115238 0.0234723522 0.0331067247 0.0204841511 0.0253270977 0.0257907841 0.0214630445 0.0224934587 0.0331067247
0.0237814764 0.0229056244 0.0238845178 0.0238329971 0.02331779 0.0224934587 0.0307367721 0.0183202813 0.0262029497 0.0170837843 0.0361979672 0.0219267309 0.0327976004 0.0214115238 0.0281092159 0.0275940089 0.0215145652 0.0235753936 0.0320763105 0.024554287 0.0257907841 0.0327976004 0.0287789852 0.0255847012 0.0212569617 0.032333914 0.0273364053 0.0183202813 0.032694559 0.0290881094 0.0363010086 0.0213084824 0.0322308726 0.0383103162 0.0315611034 0.0284183402 0.0206387132 0.0233693108 0.0218236895 0.0272333639 0.031458062 0.0300154822 0.0220297723 0.0207932753 0.0241421214 0.0221328137 0.0265635947 0.0316641448 0.022081293 0.0286759437 0.0275940089 0.0233693108
0.0313550206 0.0203811097 0.0251725356 0.0170837843 0.035528198 0.0226480208 0.0262544704 0.0221328137 0.0352190737 0.0222873759 0.0309428549 0.0286759437 0.0195052576 0.0317156655 0.0327460797 0.0343432217 0.0351160323 0.025275577 0.0316126241 0.0343432217 0.0198143819 0.0304276478 0.0224934587 0.0225449794 0.0226480208 0.0299639615 0.024554287 0.0217206481 0.0237299557 0.0223388966 0.0331067247 0.0266666361 0.0178565949 0.0218752102 0.0310458963 0.0263575119 0.0188354884 0.034291701 0.0303246064 0.0256362219 0.0238329971 0.0242966835 0.0246573285 0.0334158489 0.0242451628 0.0252240563 0.0324369555 0.0271818432 0.0231632279 0.0165170565 0.0270788018 0.0214630445
0.0268727189 0.032333914 0.0253786184 0.0230601865 0.0273364053 0.0192476541 0.0212569617 0.0256877426 0.0309428549 0.0186809263 0.0240906007 0.020844796 0.0232662693 0.0202265475 0.0275424881 0.0249664527 0.0341886596 0.0256877426 0.0196598197 0.0201750268 0.0292941922 0.0223388966 0.0304276478 0.0202265475 0.0332612868 0.0212569617 0.0255847012 0.0224934587 0.022802583 0.0214630445 0.0318702277 0.0343947424 0.0306852514 0.0243482042 0.0198659026 0.0229571451 0.031097417 0.0201750268 0.0216176067 0.0250179734 0.023678435 0.0282637781 0.0230601865 0.0186294056 0.0228541037 0.0217721688 0.0232662693 0.0255847012 0.0258938255 0.031097417 0.0311489378 0.0337249732
0.0343947424 0.0206387132 0.0258423048 0.0214630445 0.0281607367 0.0206902339 0.0328491211 0.0335188903 0.0211023996 0.022081293 0.0333643282 0.0207932753 0.0175989914 0.0241936421 0.0303761271 0.0314065413 0.0232147486 0.0236269143 0.0164655358 0.0256877426 0.0332097661 0.0285213816 0.0232662693 0.0308913342 0.0227510622 0.0308398135 0.0247603699 0.0271303225 0.0243482042 0.0206387132 0.0254816598 0.0235238729 0.0202265475 0.0344977838 0.0235238729 0.0227510622 0.026151429 0.0263059911 0.02331779 0.0231632279 0.0182172399 0.0239875593 0.0319217484 0.0234723522 0.0262029497 0.0242451628 0.0342401803 0.0235238729 0.0253270977 0.0267696775 0.034291701 0.0259968669
