inst/examples/data/000_beetlesRichness.asc
NCOLS 100
NROWS 100
XLLCORNER 212461.033821
YLLCORNER 9753254.946558
CELLSIZE 50
NODATA_VALUE NaN
[rows 0 to 22 of 100, columns 0 to 50 of 100]
11.3877082398 16.7190196602 15.9021251683 13.6664139275 12.7635305418 15.472180699 9.1090025521 14.7842695479 7.6041969092 14.6552862071 15.2572084643 18.8687420071 17.3639363642 8.6790580827 17.8368752806 15.3431973581 18.6967642193 13.365452799 12.4195749663 12.0756193908 10.7857859827 20.1585754152 14.3973195255 15.2572084643 8.9800192113 20.0725865214 15.6871529336 14.2253417377 7.045269099 8.3780969541 19.9436031805 15.5151751459 8.2921080602 20.1155809683 7.4322191215 12.0326249439 17.0629752357 14.6552862071 16.8909974479 13.6234194806 13.9673750561 16.5040474255 16.7620141071 17.8368752806 15.8161362745 12.634547201 15.7731418275 13.1074861173 3.8206855787 17.8798697275 16.0311085092
14.3113306316 15.472180699 12.2905916255 12.5055638602 6.357357948 11.0007582174 12.2475971786 15.1712195704 8.1201302725 20.3735476499 15.3002029112 6.3143635011 13.1504805643 10.2698526194 16.2460807438 12.3765805194 10.7427915357 8.8940303174 20.0295920744 11.1297415582 14.4403139724 19.2986864765 15.2142140173 13.7953972684 10.570813748 19.4276698173 20.0295920744 14.5263028663 18.3528086438 18.7397586663 13.7524028214 18.1378364091 18.4817919846 12.677541648 17.9228641744 15.0852306765 16.0741029561 17.0199807887 16.0741029561 15.0852306765 8.2921080602 12.2475971786 16.805008554 9.5819414684 15.3431973581 17.3639363642 14.1393528439 7.0022746521 9.7109248092 13.1074861173 17.7078919398
17.1059696826 19.0837142418 11.6026804745 14.0103695031 14.0103695031 10.9577637704 3.9496689195 15.5151751459 7.776174697 15.2142140173 10.3558415133 7.3462302276 16.16009185 15.3431973581 18.4817919846 15.0852306765 6.3143635011 15.8591307214 14.741275101 9.4959525745 15.2572084643 14.0103695031 7.8621635909 6.400352395 8.3351025072 15.6011640398 15.3002029112 16.5900363194 9.7539192562 14.3543250786 8.8510358704 19.7286309459 15.9881140622 18.3098141969 12.7635305418 16.2030862969 12.0326249439 9.4529581276 14.8702584418 21.0614588009 17.535914152 3.4767300032 14.6982806541 20.2015698622 14.2253417377 14.5263028663 7.9481524847 18.0948419622 14.1393528439 15.6011640398 14.8272639949
13.7953972684 7.8191691439 15.1712195704 20.0725865214 13.0644916704 7.9051580378 15.6011640398 3.4767300032 12.9355083296 17.1059696826 14.3973195255 12.0756193908 17.2349530234 10.8717748766 15.429186252 17.6219030459 12.3335860725 15.8591307214 20.4595365438 6.7013135235 20.3735476499 15.472180699 17.4929197051 8.9370247643 18.1378364091 4.5945856235 19.0407197948 10.1408692786 4.5085967297 16.117097403 6.8302968643 5.7554356909 9.0230136582 17.7508863867 8.3351025072 8.2061191664 14.6552862071 8.8940303174 17.4069308112 8.8510358704 14.1393528439 14.4833084194 19.4706642642 8.5930691888 17.4069308112 13.9243806092 18.6107753255 16.0741029561 10.9577637704 16.9339918949 20.8464865663
17.7938808336 12.4625694133 18.7397586663 17.7938808336 9.151996999 16.3750640847 14.9562473357 17.0199807887 16.2890751908 14.0963583969 11.6886693684 20.1585754152 10.3988359602 16.805008554 6.8732913113 16.16009185 10.8717748766 16.7620141071 15.5151751459 17.9228641744 17.1059696826 14.7842695479 17.7078919398 8.8940303174 16.5040474255 14.6982806541 8.3351025072 12.9785027765 12.5915527541 14.8272639949 18.6537697724 8.2491136133 17.1059696826 19.5566531581 17.6219030459 11.9036416031 5.1965078807 12.9785027765 11.5166915806 15.429186252 17.7508863867 9.83990815 14.1393528439 10.7857859827 17.6648974928 7.3462302276 18.7397586663 15.7731418275 16.3750640847 6.5293357358 18.2668197499
20.2015698622 19.599647605 16.2030862969 12.2905916255 14.3113306316 9.6679303623 10.9577637704 14.4403139724 17.2779474704 19.0837142418 8.5930691888 13.1504805643 18.4387975377 9.2809803398 13.9243806092 14.05336395 13.7953972684 7.1742524399 16.9339918949 18.3098141969 16.5040474255 17.1489641296 7.045269099 14.2253417377 11.4307026867 16.4610529785 11.7316638153 13.4514416929 16.6330307663 20.4595365438 15.472180699 15.0852306765 18.954730901 16.9339918949 18.5247864316 6.5723301827 15.5151751459 13.2794639051 12.5485583071 14.0103695031 14.05336395 15.1282251234 18.8687420071 19.8146198397 17.7078919398 15.429186252 16.5900363194 12.8925138827 8.5930691888 19.2986864765 13.2364694582
20.4595365438 12.5055638602 13.7094083745 18.8687420071 17.9658586214 11.6026804745 18.5247864316 10.3988359602 17.3209419173 10.3988359602 16.5470418724 14.2253417377 13.7094083745 14.741275101 20.0725865214 12.3765805194 12.8925138827 13.6664139275 13.4084472459 14.3973195255 21.5773921642 7.2602413337 4.4226078358 13.4514416929 5.9274134786 6.1423857133 17.2779474704 20.1155809683 11.3447137929 12.4625694133 10.6997970888 16.848003001 6.7013135235 19.1697031357 14.9132528888 20.2445643091 16.2030862969 18.9977253479 19.9865976275 16.5470418724 17.1059696826 18.6107753255 15.9021251683 15.1712195704 18.954730901 18.6967642193 14.6552862071 12.4195749663 15.9021251683 7.4322191215 13.7953972684
12.0756193908 19.6856364989 12.9785027765 13.9673750561 14.2683361847 8.464085848 20.9754699071 13.4944361398 14.8272639949 18.3958030908 17.2779474704 14.3113306316 13.7953972684 19.2986864765 11.7316638153 18.7827531132 14.9992417826 13.2794639051 4.8525523052 15.472180699 13.8383917153 14.0963583969 12.634547201 16.7190196602 13.6664139275 16.3750640847 12.1186138378 17.2349530234 12.4625694133 8.2491136133 8.6360636358 19.1267086887 19.9865976275 14.9132528888 22.7382422315 13.9243806092 8.5500747419 13.4084472459 16.2460807438 14.2253417377 4.5515911766 15.1282251234 8.5500747419 14.8272639949 18.7397586663 19.8146198397 10.3988359602 14.0963583969 17.7938808336 17.535914152 15.3002029112
8.0771358256 7.6471913562 8.2921080602 7.6901858031 19.0407197948 18.4817919846 12.634547201 8.8510358704 15.2572084643 17.4929197051 17.2779474704 5.3254912215 19.9436031805 15.429186252 21.8783532928 7.6901858031 20.1585754152 20.8464865663 13.7953972684 15.5581695928 17.535914152 9.5389470215 17.3639363642 19.4706642642 8.2491136133 16.9339918949 15.1282251234 6.5293357358 15.2142140173 15.5581695928 21.1474476948 17.8798697275 15.8161362745 12.9785027765 8.6790580827 10.7857859827 5.4544745623 13.0214972235 18.4817919846 17.0199807887 7.9481524847 18.223825303 6.8302968643 5.3684856684 13.7953972684 9.7109248092 16.4180585316 7.6901858031 16.805008554 19.4276698173 16.16009185
18.8257475601 14.3973195255 19.3416809234 8.7650469766 15.7301473806 21.5343977173 15.6871529336 15.6011640398 8.3351025072 14.741275101 7.2172468868 4.4656022827 13.4514416929 14.05336395 17.4069308112 7.776174697 13.5374305867 16.5040474255 15.3431973581 17.4499252581 13.7094083745 17.4929197051 19.9006087336 6.0134023725 14.2683361847 14.7842695479 14.3543250786 12.8925138827 14.05336395 9.2809803398 18.2668197499 14.05336395 7.1312579929 16.0741029561 8.7650469766 16.5900363194 5.8414245848 16.5040474255 16.2030862969 17.9228641744 16.16009185 15.429186252 19.9006087336 17.7508863867 16.6760252132 13.6664139275 12.1186138378 15.3861918051 14.6552862071 14.6552862071 15.7731418275
7.4322191215 21.9643421866 11.8176527092 17.4069308112 9.882902597 10.2698526194 15.3861918051 15.8591307214 16.6760252132 14.9562473357 18.3098141969 7.8621635909 13.9243806092 11.5596860276 19.7716253928 17.9658586214 14.3973195255 17.1919585765 8.8940303174 18.0518475153 8.1201302725 7.9911469317 19.599647605 13.7953972684 13.1934750112 19.3416809234 16.16009185 16.3750640847 13.6664139275 18.6967642193 14.741275101 19.4706642642 8.5500747419 20.8894810132 12.9785027765 18.0948419622 3.8206855787 18.954730901 7.9051580378 16.0311085092 17.4069308112 12.8065249888 8.6360636358 9.1090025521 4.981535646 6.2713690541 7.9481524847 8.8940303174 13.0214972235 8.3351025072 20.8034921193
14.3543250786 6.6583190766 15.0422362296 6.7013135235 14.8272639949 13.0644916704 5.2395023276 16.8909974479 6.400352395 15.3431973581 8.9370247643 18.0948419622 16.16009185 13.6664139275 15.9881140622 6.7443079705 9.83990815 18.7827531132 4.0786522603 18.954730901 14.4403139724 16.3320696377 19.9436031805 15.6441584867 8.0341413786 19.9006087336 16.4180585316 15.6011640398 12.2046027316 8.0771358256 18.1378364091 10.7857859827 14.6982806541 16.9769863418 18.0948419622 12.2475971786 6.5723301827 14.6122917602 13.9243806092 15.6011640398 15.429186252 13.4944361398 6.6153246297 7.5612024623 6.6583190766 18.3098141969 15.429186252 17.1059696826 13.8383917153 18.6537697724 16.9769863418
17.2779474704 7.1312579929 16.4610529785 9.882902597 13.7524028214 19.0407197948 7.0022746521 19.3416809234 14.741275101 15.6871529336 20.4595365438 16.0311085092 17.0199807887 6.5723301827 12.634547201 6.9592802052 16.848003001 8.6790580827 11.1297415582 13.9673750561 18.954730901 10.3558415133 14.741275101 4.0356578134 8.6790580827 5.5834579031 12.7205360949 19.0837142418 6.5293357358 13.4514416929 14.4403139724 15.6011640398 15.6441584867 15.1282251234 18.9977253479 14.6122917602 14.1823472908 7.6901858031 12.5055638602 14.4403139724 13.4514416929 16.6330307663 17.4069308112 13.365452799 16.6330307663 12.5055638602 16.2890751908 14.3543250786 19.0837142418 14.5692973133 11.5596860276
12.7205360949 14.8272639949 12.8495194357 14.6552862071 7.4752135684 16.805008554 13.322458352 17.7938808336 7.3032357807 13.322458352 14.9562473357 8.4210914011 13.7524028214 17.3639363642 17.3639363642 16.117097403 12.4195749663 18.9977253479 22.1793144213 5.7984301378 5.8844190317 15.2572084643 5.4114801154 17.8368752806 11.8606471561 17.2349530234 14.4403139724 6.357357948 17.535914152 14.9992417826 18.223825303 19.3846753703 17.6648974928 7.5612024623 6.2713690541 6.4863412888 12.9355083296 8.1631247194 16.2030862969 21.6633810581 19.0837142418 13.7953972684 18.5247864316 14.05336395 11.7746582623 12.5485583071 4.8525523052 6.5293357358 6.9162857582 13.4084472459 20.2445643091
7.1742524399 17.2349530234 14.3113306316 13.0214972235 4.981535646 17.3209419173 17.2779474704 10.6138081949 11.3447137929 15.6871529336 13.322458352 18.0518475153 14.3113306316 20.8894810132 5.8844190317 15.5151751459 8.2921080602 15.7731418275 16.805008554 17.0629752357 18.6537697724 14.8702584418 7.8621635909 16.5040474255 14.9562473357 13.7953972684 18.6537697724 15.2572084643 16.848003001 13.7953972684 14.6122917602 13.4514416929 9.4959525745 16.5040474255 6.357357948 14.7842695479 17.535914152 12.677541648 13.4944361398 12.634547201 15.429186252 17.4069308112 11.0437526643 13.1934750112 21.4054143765 6.6153246297 15.8591307214 9.5819414684 11.94663605 18.2668197499 15.3431973581
19.1267086887 19.7716253928 7.9051580378 15.5151751459 10.7857859827 3.0897799807 16.16009185 13.1074861173 18.7827531132 12.5055638602 18.3098141969 12.8495194357 7.7331802501 18.4817919846 7.2602413337 10.2268581725 16.117097403 11.8176527092 7.6471913562 19.2986864765 15.0852306765 14.5263028663 12.3335860725 17.2779474704 18.0088530683 18.9977253479 9.6679303623 7.8621635909 17.7508863867 17.8798697275 7.6471913562 15.1282251234 15.5151751459 15.1712195704 21.1904421418 15.5581695928 6.9162857582 19.8576142867 17.2779474704 16.9769863418 15.8591307214 17.8368752806 18.0088530683 11.3877082398 8.7650469766 12.1616082847 16.7620141071 14.741275101 14.5263028663 16.848003001 20.2015698622
11.0437526643 13.9673750561 13.7953972684 6.0563968195 15.2142140173 14.8702584418 15.0422362296 15.6011640398 12.8925138827 18.4387975377 18.3528086438 14.8702584418 8.8080414235 10.0118859378 14.0963583969 19.4706642642 16.0311085092 18.7397586663 8.7220525296 8.7650469766 15.9451196153 14.1823472908 8.1201302725 14.1823472908 11.2157304521 19.8576142867 20.7175032254 10.1838637255 17.6648974928 19.6856364989 15.3861918051 14.1393528439 13.9243806092 14.9992417826 14.3973195255 9.194991446 16.5040474255 16.805008554 6.6153246297 22.0503310805 20.5885198846 19.9006087336 7.6471913562 11.0437526643 15.6871529336 16.16009185 6.6153246297 10.1408692786 18.4817919846 12.2475971786 18.7397586663
15.6441584867 15.7301473806 15.2572084643 16.7190196602 13.8383917153 13.4944361398 18.2668197499 19.2986864765 15.6441584867 16.117097403 9.3669692337 7.8621635909 10.0118859378 12.2475971786 10.3128470664 18.6967642193 12.3335860725 13.0644916704 7.3032357807 21.1044532479 8.8510358704 20.2445643091 17.5789085989 9.0660081051 11.3017193459 14.3973195255 12.7205360949 20.0725865214 15.3002029112 5.4974690093 18.3098141969 8.8510358704 16.9769863418 5.5834579031 22.0933255275 14.4403139724 16.4180585316 15.6011640398 6.400352395 18.911736454 13.8813861622 18.3098141969 20.6745087785 17.9228641744 12.5485583071 9.2379858929 11.1297415582 16.6330307663 19.8576142867 13.322458352 14.9562473357
12.4625694133 10.1408692786 17.7078919398 19.0837142418 7.0022746521 18.4817919846 9.2379858929 8.5500747419 8.7220525296 5.5404634562 16.16009185 13.0644916704 19.599647605 19.2556920295 17.9228641744 15.0422362296 18.5677808785 13.8383917153 16.3750640847 13.0644916704 18.0088530683 13.7524028214 8.1631247194 14.0963583969 12.3335860725 19.2126975826 14.9132528888 17.2779474704 18.5677808785 16.2030862969 12.5485583071 4.7235689644 17.9228641744 13.5804250337 10.527819301 14.7842695479 7.1742524399 15.5581695928 16.4180585316 15.429186252 20.9754699071 4.6805745174 16.5040474255 14.4403139724 17.6219030459 16.4610529785 15.3431973581 15.8591307214 9.9258970439 18.7397586663 12.9785027765
17.1919585765 9.4099636806 12.1616082847 17.1489641296 15.0852306765 19.0407197948 14.05336395 14.3113306316 15.8161362745 16.16009185 13.8813861622 6.9592802052 12.8925138827 15.1282251234 7.088263546 15.3002029112 20.4595365438 11.6456749214 16.0741029561 14.05336395 18.0518475153 15.7301473806 11.2157304521 16.3320696377 5.2395023276 7.4752135684 15.1282251234 15.6011640398 19.9865976275 12.677541648 6.8732913113 17.6648974928 16.6330307663 13.2794639051 14.7842695479 19.2126975826 5.8844190317 15.6871529336 15.3002029112 17.7938808336 12.9785027765 13.4084472459 16.7620141071 8.5500747419 10.6138081949 15.7301473806 8.3780969541 20.8894810132 19.7716253928 12.677541648 16.4180585316
18.0518475153 9.0230136582 11.0867471112 16.6760252132 13.2364694582 17.7078919398 6.5723301827 14.8702584418 6.7013135235 13.7953972684 15.8161362745 18.6967642193 16.805008554 10.6568026419 15.6871529336 13.5374305867 14.8702584418 18.1378364091 12.5915527541 7.4322191215 13.0214972235 6.0993912664 15.8591307214 12.1616082847 15.0852306765 18.1378364091 17.3639363642 16.0741029561 8.9800192113 14.3973195255 13.5374305867 7.1742524399 12.5915527541 9.4529581276 11.6886693684 13.7524028214 17.4499252581 17.1919585765 8.7650469766 11.1297415582 8.5500747419 12.5485583071 17.535914152 8.6790580827 7.3892246745 16.6760252132 17.3639363642 21.4914032703 14.05336395 15.0422362296 7.0022746521
17.5789085989 14.9132528888 19.2126975826 20.2445643091 16.6760252132 16.6760252132 13.8383917153 16.16009185 13.8383917153 14.4403139724 5.8414245848 12.8495194357 17.5789085989 14.3543250786 15.5151751459 16.6760252132 13.2794639051 10.570813748 13.7524028214 13.0214972235 14.4833084194 18.0518475153 13.4514416929 9.194991446 15.8591307214 7.2602413337 17.1059696826 13.6664139275 14.6552862071 19.2126975826 13.6234194806 8.8510358704 17.7938808336 22.2223088683 14.2253417377 17.7938808336 8.8080414235 17.5789085989 16.5040474255 14.05336395 18.4387975377 17.4499252581 15.5581695928 12.7635305418 6.4433468419 17.7938808336 13.5374305867 17.9228641744 11.258724899 16.0741029561 14.2683361847
8.8940303174 9.194991446 16.4610529785 7.4322191215 17.2779474704 15.1282251234 16.5900363194 16.848003001 16.16009185 5.7124412439 19.9865976275 9.3669692337 15.5151751459 12.1186138378 7.7331802501 13.0214972235 13.4944361398 5.3684856684 15.0422362296 13.1504805643 18.0088530683 8.3351025072 7.5612024623 8.9370247643 16.0741029561 15.0852306765 17.5789085989 13.2364694582 5.7554356909 17.0199807887 7.2172468868 11.94663605 13.365452799 17.4069308112 14.9992417826 19.9006087336 14.3113306316 18.8257475601 20.8034921193 17.8798697275 21.2764310356 15.5581695928 9.6249359153 4.250630048 14.3973195255 14.3543250786 21.1904421418 7.9911469317 12.8925138827 19.5136587112 17.7508863867
