data/000_antsRichness.asc
NCOLS 100
NROWS 100
XLLCORNER 212461.033821
YLLCORNER 9753254.946558
CELLSIZE 50
NODATA_VALUE NaN
[rows 69 to 91 of 100, columns 50 to 99 of 100]
41.7076265743 31.886509903 63.3818150901 57.6246087656 36.4584090431 22.107642928 80.8227636615 21.972794311 23.5637658646 59.8258935367 18.7908512039 47.9586630193 59.4872343412 57.7939383634 36.1197498475 64.5671222746 50.0047768655 80.3147748681 49.8354472677 59.656563939 53.2220392233 50.8514248544 69.1390214146 42.7236041609 43.2315929543 76.9281829125 44.0782409432 71.170976588 72.8642725658 41.1996377809 40.6916489876 46.1101961165 47.9728216921 63.5511446879 67.9537142302 38.829023412 64.9057814701 48.819469681 61.3498599168 17.1548348961 56.1006423856 37.4743866297 62.0271783079 38.4903642164 62.5351671012 62.5351671012 39.8450009987 68.4617030235 48.3114808877 65.5830998613
50.343436061 55.9313127878 43.5702521498 27.3146107629 40.6916489876 60.6725415256 51.5287432455 44.9534945293 22.8566673963 23.3869912475 22.3263435452 62.5351671012 38.1517050209 46.7875145077 50.5127656588 47.6341624966 58.1325975589 79.9761156726 54.23801681 29.6852251319 70.6629877947 53.2220392233 49.4967880721 36.1197498475 77.7748309014 81.5000820526 36.7970682386 68.4617030235 33.410476283 36.2890794453 40.0143305965 44.0782409432 70.6629877947 70.3243285991 53.8993576144 50.8514248544 58.3019271567 65.0751110679 53.0527096255 45.2635481276 67.2763958391 36.6277386408 42.0462857698 67.1070662413 36.4584090431 44.9248889321 37.305057032 47.295503301 33.9184650764 67.6150550346
25.4519851874 54.5766760055 56.4393015811 47.1261737032 58.9792455478 48.1421512899 52.3753912344 23.0334420134 22.3464532035 24.8078719221 34.0818555799 43.0973610501 47.1261737032 63.2124854923 40.0143305965 71.8482949791 31.3785211097 49.6661176699 40.6916489876 20.3720972539 76.4201941192 47.9728216921 41.5382969765 38.1517050209 35.7810906519 40.0143305965 69.647010208 59.8258935367 34.7651130653 64.228463079 52.2060616366 85.5639923993 47.1261737032 70.6629877947 53.3913688211 72.8642725658 32.2251690986 23.5893596118 32.9024874897 75.4042165325 40.352989792 73.0336021636 40.6916489876 24.943996394 72.3562837725 65.5830998613 90.9825395283 39.3370122053 48.1421512899 50.6820952566
50.343436061 59.3179047434 47.8034920943 57.1166199723 38.9983530098 49.1581288766 48.9887992788 26.126997812 14.1417241415 42.3902625818 28.0715185997 51.3173807435 52.71405043 59.1485751456 46.7875145077 66.4297478502 89.6279027461 50.6820952566 49.4967880721 68.6310326213 37.305057032 57.6246087656 73.8802501525 47.6341624966 50.5127656588 44.0782409432 47.6341624966 53.3913688211 62.704496699 60.1645527323 66.4297478502 46.2795257143 47.8034920943 38.3210346186 48.819469681 55.2539943967 54.7460056033 46.2795257143 37.6437162275 59.9952231345 50.1741064633 45.4328777254 60.8418711234 59.4872343412 45.0942185299 44.5862297365 55.76198319 42.2156153676 28.3305883496 50.1741064633
57.9632679612 74.3882389458 58.4712567545 58.6405863523 51.0207544522 56.9472903745 57.9632679612 23.8289277902 30.4579759301 43.0973610501 72.3562837725 56.7779607767 50.5127656588 19.525449265 47.9728216921 45.771536921 44.7555593343 59.3179047434 56.7779607767 47.4648328988 55.2539943967 47.1261737032 75.2348869347 76.4201941192 38.4903642164 43.4009225521 35.2731018586 38.6596938142 71.170976588 31.3785211097 47.9728216921 52.71405043 34.5957834675 55.5926535922 63.7204742857 34.7651130653 55.5926535922 45.4328777254 84.5480148126 56.9472903745 52.71405043 77.2668421081 37.4743866297 41.1996377809 75.2348869347 52.2060616366 66.2604182524 65.752429459 25.4519851874 53.7300280166
64.7364518724 61.5191895145 50.6820952566 76.7588533148 54.9153352011 76.0815349236 52.5447208322 60.8418711234 75.5735461303 73.3722613592 48.1421512899 50.6820952566 38.9983530098 73.7109205547 95.8930978639 64.5671222746 48.6501400832 83.0240484326 66.0910886546 66.9377366435 45.771536921 55.9313127878 49.6661176699 42.2156153676 44.7555593343 88.6119251594 62.3658375034 54.5766760055 63.5511446879 28.3305883496 55.5926535922 68.2923734257 77.4361717059 44.4169001387 42.3849449654 71.170976588 85.3946628015 76.0815349236 68.123043828 69.8163398058 60.5032119279 44.9248889321 83.8706964215 32.9024874897 36.1197498475 35.9504202497 64.3977926768 56.6086311789 32.2251690986 41.876956172
40.0143305965 43.4009225521 57.1166199723 41.1996377809 78.4521492926 87.9346067683 17.3241644939 65.752429459 48.4808104855 50.8514248544 51.5287432455 38.6596938142 59.3179047434 48.6501400832 47.6341624966 60.6725415256 28.4999179474 68.2923734257 64.7364518724 44.4169001387 47.9728216921 60.6725415256 58.9792455478 53.2220392233 68.6310326213 61.3498599168 38.829023412 38.3210346186 55.9313127878 81.8387412482 38.1517050209 30.1932139252 78.4521492926 40.0143305965 53.2220392233 39.1676826076 74.8962277392 49.3274584744 78.113490097 65.9217590568 49.8354472677 63.0431558946 56.9472903745 57.9632679612 56.2699719834 59.1485751456 48.3114808877 55.0846647989 50.6820952566 51.1900840499
55.76198319 44.7555593343 61.3498599168 45.4328777254 64.3977926768 56.6086311789 60.5032119279 52.8833800277 73.2029317614 38.3210346186 76.9281829125 51.5287432455 53.2220392233 49.6661176699 51.0207544522 37.4743866297 47.1261737032 67.1070662413 49.4967880721 45.6022073232 43.0622633565 62.3658375034 35.9504202497 81.5000820526 42.8929337587 46.6181849099 47.6341624966 54.23801681 36.2890794453 70.3243285991 62.5351671012 51.8674024411 41.7076265743 37.8130458253 34.0877946741 36.4584090431 42.7236041609 45.2635481276 44.5862297365 58.9792455478 68.123043828 32.2251690986 58.8099159501 60.1645527323 66.5990774479 40.352989792 41.0303081831 58.3019271567 40.6916489876 59.4872343412
39.0315448576 57.28594957 68.9696918169 52.2060616366 66.7684070457 38.3210346186 52.3753912344 30.0238843274 42.2156153676 87.0879587793 45.771536921 85.056003606 73.8802501525 38.1517050209 41.0303081831 36.6277386408 29.0079067407 60.8418711234 37.8130458253 49.4967880721 46.6181849099 55.2539943967 52.2060616366 72.1869541747 32.2251690986 76.7588533148 45.2635481276 71.0016469902 53.0527096255 72.3562837725 65.9217590568 49.4967880721 47.6341624966 69.647010208 53.8993576144 72.3562837725 40.5223193898 44.247570541 29.8545547296 70.1549990013 71.8482949791 43.2315929543 68.123043828 24.0973484051 47.4648328988 66.2604182524 49.8354472677 69.4776806102 40.6916489876 42.0462857698
27.3644201315 22.0611816196 28.8670043765 62.5351671012 50.8514248544 60.5032119279 40.5223193898 55.4233239945 77.7748309014 56.2699719834 48.4808104855 79.2987972815 18.3401420806 39.1676826076 48.819469681 32.7331578919 45.0942185299 50.0047768655 71.170976588 63.8898038835 36.1197498475 88.7812547572 39.8450009987 46.2795257143 48.4808104855 40.352989792 56.9472903745 45.2635481276 38.829023412 44.247570541 69.8163398058 38.6596938142 39.5063418031 52.5447208322 47.4648328988 73.7109205547 57.4552791678 66.9377366435 44.247570541 55.2539943967 43.7395817476 42.3849449654 67.2763958391 43.9089113454 58.4712567545 51.5287432455 46.1101961165 48.3114808877 81.161422857 38.1517050209
21.8989225274 30.281201313 24.7128008755 49.8354472677 60.6725415256 43.9089113454 71.3403061858 48.819469681 39.3370122053 51.0207544522 78.9601380859 32.9024874897 30.362543523 57.6246087656 31.3785211097 39.3370122053 26.467962774 57.28594957 38.4903642164 53.0527096255 39.5063418031 55.9313127878 42.8929337587 38.3210346186 35.6117610542 44.0782409432 47.4648328988 52.2060616366 29.0079067407 61.8578487101 65.752429459 56.6086311789 45.771536921 66.9377366435 84.2093556171 28.838577143 83.8706964215 36.2890794453 77.9441604992 86.579969986 43.5702521498 25.1133259918 49.4967880721 48.819469681 79.8067860748 44.0782409432 61.0112007212 44.9248889321 45.4328777254 28.6692475452
23.298603939 34.3470175055 40.0143305965 58.9792455478 23.1218293219 61.0112007212 49.6661176699 22.9249688541 26.6400867001 26.5657843431 27.0108708973 72.0176245769 43.9089113454 32.0558395008 55.4233239945 68.4617030235 46.4488553121 70.8323173924 46.7875145077 64.3977926768 50.343436061 45.0942185299 60.5032119279 74.7268981414 55.76198319 67.9537142302 61.3498599168 44.9248889321 43.0622633565 46.2795257143 32.2251690986 63.5511446879 58.3019271567 37.9823754231 47.6341624966 41.0303081831 67.9537142302 74.5575685436 67.6150550346 69.4776806102 51.6980728433 58.4712567545 34.934442663 48.1421512899 51.6980728433 73.2029317614 56.7779607767 56.9472903745 59.3179047434 78.113490097
27.5688661616 46.7875145077 27.3459590908 40.8609785854 26.126997812 49.9915711156 24.2708643328 26.9372961277 23.4529731918 19.784882154 30.1044266959 22.999271211 25.339795454 26.1199702016 73.0336021636 69.1390214146 48.4808104855 48.6501400832 67.4457254368 64.3977926768 63.0431558946 50.0047768655 57.28594957 46.6181849099 53.0527096255 48.9887992788 46.1101961165 51.5287432455 67.2763958391 33.0718170875 66.2604182524 36.6277386408 50.343436061 72.8642725658 59.4872343412 70.4936581969 55.2539943967 57.9632679612 51.3594136477 89.9665619416 17.8321532872 39.6756714009 73.2029317614 76.7588533148 78.9601380859 74.2189093481 79.1294676837 41.5382969765 33.5798058808 53.3913688211
29.0177621215 23.6679924233 22.4420035341 45.4328777254 24.1824770243 28.1599059082 34.9657286652 23.5936900664 24.4562117663 25.2086406971 23.3906914477 23.2962171646 28.6090991584 25.8970631309 44.0782409432 46.1101961165 56.1006423856 68.9696918169 81.6694116504 62.0271783079 79.4681268792 27.9919291541 74.5575685436 57.1166199723 36.6277386408 26.1293035785 50.0047768655 31.0398619141 54.9153352011 66.4297478502 30.1932139252 80.8227636615 79.637456477 38.4903642164 63.0431558946 36.2890794453 78.2828196948 71.5096357836 74.3882389458 63.0431558946 54.4073464078 77.6055013037 34.0877946741 46.1101961165 74.5575685436 38.6596938142 41.5382969765 79.4681268792 46.6181849099 54.7460056033
26.4940401206 18.4678540105 48.1354376364 31.0766870898 19.8514989063 42.3018752733 40.5223193898 36.9986367614 27.5676444248 37.5624961912 34.4297814585 26.2996408425 37.7057352297 22.9120412207 55.5926535922 46.9568441054 27.8225995563 32.5638282941 51.5287432455 13.2602541472 67.1070662413 45.9408665188 51.1900840499 67.2763958391 28.6692475452 40.8609785854 34.7651130653 68.4617030235 59.656563939 58.3019271567 40.352989792 56.1006423856 50.343436061 50.1741064633 25.7906443829 46.4488553121 76.2508645214 63.2124854923 37.4743866297 77.9441604992 31.3785211097 51.0207544522 42.2156153676 71.0016469902 65.752429459 52.0367320388 68.9696918169 50.5127656588 65.0751110679 39.1676826076
25.5848551625 28.9848248991 30.4020053735 21.4513918513 27.5676444248 25.1547374182 74.7268981414 37.263798687 12.9483090052 22.1226878654 35.3248428107 16.5285544141 35.0541159737 47.6341624966 61.0112007212 47.295503301 28.1612587518 48.819469681 45.6022073232 48.4808104855 67.7843846324 67.4457254368 59.3179047434 42.2156153676 59.3179047434 29.3465659363 32.0558395008 54.7460056033 62.704496699 43.9089113454 42.8929337587 71.5096357836 80.3147748681 59.8258935367 58.6405863523 51.3594136477 62.8738262968 34.0877946741 65.0751110679 85.056003606 37.1357274342 31.2091915119 58.1325975589 59.656563939 45.9408665188 70.8323173924 74.8962277392 59.3179047434 34.2571242719 32.0558395008
22.5124370283 35.5844398249 32.2257221007 40.1805798685 37.0403770691 24.3592516414 32.5638282941 28.2482932168 19.3629153628 22.7939838796 18.7662077946 21.2270376048 32.6214264321 31.2839840075 32.2251690986 36.2890794453 30.1932139252 52.3753912344 73.5415909569 56.2699719834 74.2189093481 17.6628236895 45.6022073232 50.0047768655 44.247570541 40.8609785854 67.6150550346 70.4936581969 55.76198319 69.8163398058 79.1294676837 78.6214788903 63.0431558946 67.4457254368 56.2699719834 29.3465659363 53.3913688211 41.7076265743 43.7395817476 50.343436061 47.6341624966 27.1452811652 54.4073464078 50.0047768655 50.8514248544 71.3403061858 39.8450009987 43.2315929543 46.4488553121 44.4169001387
20.5686622903 33.7359617859 52.3753912344 29.6624901533 22.7939838796 42.743811816 32.9024874897 31.9898563983 24.3308069445 19.2205604559 24.8824603681 27.0455253026 28.3490409092 86.579969986 47.4648328988 56.6086311789 59.656563939 63.5511446879 86.0719811927 27.4839403607 45.2635481276 88.7812547572 52.5447208322 50.343436061 71.6789653814 49.8354472677 77.7748309014 50.0047768655 63.8898038835 64.3977926768 33.7491354786 67.9537142302 46.2795257143 63.5511446879 68.8003622191 37.6437162275 39.8450009987 55.0846647989 76.4201941192 64.5671222746 44.247570541 55.0846647989 78.4521492926 25.4519851874 85.056003606 35.7810906519 47.1261737032 51.8674024411 55.76198319 67.9537142302
24.2708643328 18.7024638954 26.3037724291 24.8895754926 25.7734485779 20.5585973745 58.9792455478 30.1044266959 38.9050882195 28.7610595611 24.509518138 22.8685723256 28.6090991584 74.5575685436 66.4297478502 40.0143305965 52.8833800277 86.0719811927 41.5382969765 46.7875145077 66.5990774479 52.0367320388 48.9887992788 48.6501400832 45.0942185299 72.3562837725 31.5478507074 43.9089113454 46.9568441054 74.7268981414 52.71405043 58.3019271567 57.4552791678 72.694942968 30.362543523 59.1485751456 66.0910886546 69.8163398058 71.0016469902 42.8929337587 76.4201941192 29.3465659363 50.8514248544 39.5063418031 36.9663978364 26.2986331763 53.5606984189 69.8163398058 41.0303081831 25.7906443829
39.9154179429 29.8798862513 34.4297814585 33.6093085523 30.1044266959 25.2826555896 74.8962277392 18.967625821 34.5789583505 20.8821743448 24.8324262317 18.9153846867 37.263798687 75.4042165325 69.4776806102 64.5671222746 68.9696918169 85.3946628015 59.4872343412 39.1676826076 60.1645527323 47.4648328988 53.8993576144 71.6789653814 33.2411466852 12.0749469627 52.2060616366 32.5638282941 47.6341624966 75.9122053259 40.0143305965 65.4137702635 83.7013668237 54.5766760055 70.6629877947 32.2251690986 62.1965079057 72.5256133703 65.4137702635 60.5032119279 68.9696918169 45.6022073232 54.9153352011 34.0877946741 68.9696918169 27.8225995563 71.3403061858 27.4839403607 71.3403061858 71.5096357836
22.4147308537 22.3464532035 26.8075521751 20.2551502358 29.2035180138 22.7020617833 79.1294676837 24.3592516414 21.7497456353 22.5702185415 24.1113485063 16.23020063 27.2760328229 58.4712567545 43.7395817476 69.8163398058 67.2763958391 50.0047768655 39.1676826076 43.2315929543 41.3689673787 73.2029317614 47.1261737032 19.8641084606 37.305057032 42.3849449654 68.123043828 68.8003622191 74.5575685436 74.7268981414 55.2539943967 58.9792455478 47.6341624966 71.3403061858 60.6725415256 64.9057814701 45.9408665188 50.5127656588 25.2826555896 66.5990774479 66.5990774479 36.2890794453 68.6310326213 67.7843846324 50.343436061 36.6277386408 66.5990774479 32.2251690986 69.3083510124 44.0782409432
29.2085902372 30.1782400354 22.3243297956 26.4940401206 20.7881207285 21.624677608 12.2442765605 28.955391685 22.1495689281 38.9796766656 20.8194719339 26.8963484106 18.5256892783 20.7107564495 66.7684070457 82.5160596393 77.0975125103 45.2635481276 47.1261737032 34.5957834675 73.5415909569 38.1517050209 69.4776806102 44.5862297365 39.1676826076 65.4137702635 54.23801681 47.295503301 45.771536921 46.4488553121 41.5382969765 54.7460056033 65.9217590568 29.3465659363 68.4617030235 62.5351671012 81.161422857 61.5191895145 55.76198319 39.6756714009 47.295503301 41.1996377809 66.7684070457 52.71405043 57.4552791678 76.4201941192 49.6661176699 48.3114808877 40.1836601942 38.6596938142
37.3387308532 20.1087998229 26.2996408425 33.9822507823 21.7497456353 38.2360590808 44.5999452951 54.23801681 20.8237593001 37.1149655151 27.6422328708 22.7939838796 34.435404814 72.3562837725 63.3818150901 58.1325975589 81.5000820526 63.7204742857 23.2507004162 47.1261737032 50.8514248544 38.829023412 68.2923734257 58.1325975589 42.0462857698 75.4042165325 44.7555593343 77.0975125103 60.6725415256 54.0686872122 74.2189093481 65.0751110679 40.8609785854 50.0047768655 34.7651130653 42.3849449654 55.4233239945 53.8993576144 42.3849449654 37.4743866297 43.5702521498 56.6086311789 59.1485751456 81.161422857 72.1869541747 52.5447208322 43.2315929543 55.76198319 52.2060616366 49.4967880721
