data/000_antsRichness.asc
NCOLS 100
NROWS 100
XLLCORNER 212461.033821
YLLCORNER 9753254.946558
CELLSIZE 50
NODATA_VALUE NaN
[rows 46 to 68 of 100, columns 50 to 99 of 100]
21.6659544811 29.7236345122 23.9173150987 41.0303081831 24.4110159925 31.4302363239 22.2379562366 22.6448069876 44.6883326037 24.801188184 28.3366805253 38.3244463894 39.2083194747 23.298603939 40.0143305965 42.2156153676 63.3818150901 48.6501400832 68.8003622191 67.1070662413 27.9919291541 50.343436061 70.4936581969 89.7972323438 49.3274584744 77.4361717059 38.829023412 71.8482949791 40.5223193898 44.9248889321 69.3083510124 57.6246087656 34.0877946741 78.2828196948 73.0336021636 35.9504202497 39.8450009987 44.4169001387 25.9599739807 54.0686872122 64.0591334812 46.6181849099 61.0112007212 80.1454452704 72.0176245769 47.295503301 42.5542745632 53.3913688211 42.5542745632 86.579969986
24.2624112786 26.3057260939 38.589608315 46.9568441054 30.838169866 41.0303081831 24.0940897158 26.6573216632 30.9882997813 29.5815324673 24.801188184 48.1354376364 27.6295820571 60.1645527323 44.4169001387 27.3146107629 55.0846647989 82.0080708459 24.6053371985 43.9089113454 40.352989792 46.9568441054 41.0303081831 36.7970682386 65.4137702635 58.8099159501 33.2411466852 74.3882389458 38.1517050209 50.343436061 60.6725415256 76.589523717 33.0718170875 53.2220392233 67.7843846324 71.5096357836 46.4488553121 59.3179047434 37.6437162275 71.0016469902 54.5766760055 61.0112007212 78.4521492926 59.1485751456 37.6437162275 79.1294676837 49.3274584744 42.5542745632 37.4743866297 39.6756714009
47.1261737032 47.295503301 74.7268981414 38.1517050209 22.8878176756 27.12305202 63.0431558946 64.228463079 39.6502560174 26.5286331647 24.2624112786 72.3562837725 61.6885191123 29.3089409192 32.9024874897 32.3944986963 43.4009225521 56.1006423856 56.4393015811 37.1357274342 44.7555593343 42.0462857698 68.4617030235 61.6885191123 69.647010208 47.1261737032 54.5766760055 46.6181849099 76.2508645214 42.5542745632 39.5063418031 36.9663978364 37.1357274342 26.1293035785 62.8738262968 53.5606984189 65.752429459 71.8482949791 68.123043828 79.4681268792 44.7555593343 35.1037722608 59.4872343412 45.0942185299 43.5702521498 44.7555593343 44.5862297365 55.2539943967 25.9599739807 60.5032119279
45.3070437634 16.9347177247 28.0715185997 51.3594136477 62.8738262968 24.3367136356 29.3149715492 27.197354377 22.7763641403 31.804100506 47.295503301 30.3923557245 27.2345055554 23.4753785561 30.8705323163 39.6756714009 60.6725415256 51.8674024411 45.0942185299 79.2987972815 50.343436061 50.1741064633 44.4169001387 52.0367320388 71.8482949791 95.8930978639 39.6756714009 46.1101961165 58.4712567545 51.0207544522 34.7651130653 73.8802501525 37.6437162275 62.8738262968 85.3946628015 71.6789653814 39.8450009987 44.5862297365 39.1676826076 73.3722613592 56.1006423856 29.6852251319 53.7300280166 67.9537142302 49.4967880721 50.6820952566 42.0462857698 73.0336021636 33.7491354786 49.4967880721
30.4020053735 33.9822507823 27.8947439826 37.6437162275 41.876956172 28.2375873738 31.9155540413 22.9120412207 22.9249688541 23.4079341741 32.8814846813 31.804100506 21.7600080975 29.1321663021 26.3037724291 28.3366805253 75.9122053259 25.6213147851 84.8866740082 61.180530319 35.7810906519 44.0782409432 47.8034920943 46.9568441054 76.0815349236 78.113490097 64.7364518724 72.1869541747 85.5639923993 40.6916489876 47.295503301 81.3307524548 37.305057032 63.7204742857 59.4872343412 46.2795257143 64.9057814701 54.23801681 56.7779607767 52.5447208322 41.0303081831 52.8833800277 40.0143305965 68.123043828 39.1676826076 37.8130458253 72.8642725658 74.0495797503 63.5511446879 70.6629877947
24.3935093554 27.0455253026 22.2379562366 39.5618687088 30.5781116168 23.4450853525 29.5007274415 71.5096357836 49.3274584744 42.5670371989 42.5670371989 30.0579951184 29.5007274415 16.2276192565 38.4575575434 20.8237593001 63.5511446879 25.3315120352 24.4360076007 78.6214788903 56.9472903745 41.3689673787 50.1741064633 40.0143305965 58.6405863523 68.123043828 36.7970682386 32.3944986963 78.7908084881 48.819469681 47.295503301 37.6437162275 37.1357274342 32.7331578919 47.8034920943 28.1612587518 84.7173444104 46.9568441054 36.9663978364 40.5223193898 32.2251690986 54.23801681 41.3689673787 48.819469681 47.4648328988 40.6916489876 61.8578487101 53.2220392233 77.2668421081 72.3562837725
25.3340455189 23.4652798938 36.6450875273 42.4786498904 23.7422947802 25.8356648061 30.2809021891 29.9093904045 57.9632679612 48.6657614876 30.4579759301 43.7395817476 28.3305883496 33.7283063457 32.7142472 45.1302691463 26.3037724291 41.3296148795 40.352989792 35.7810906519 55.2539943967 38.1517050209 43.4009225521 68.8003622191 62.8738262968 52.5447208322 85.9026515949 50.6820952566 57.28594957 33.2411466852 56.2699719834 47.295503301 78.9601380859 57.28594957 69.1390214146 63.7204742857 66.2604182524 41.3689673787 39.8450009987 51.8674024411 40.352989792 54.5766760055 59.656563939 67.1070662413 49.8354472677 51.6980728433 35.6117610542 85.9026515949 75.7428757281 67.6150550346
21.5719008648 27.1524154351 26.0085166662 51.8674024411 29.3521227276 27.9675467768 20.5373110849 21.4017705372 25.8227607739 28.2375873738 31.2096816506 50.8514248544 30.1044266959 46.0141422316 29.6561209133 27.4184675327 28.0151751009 23.7405404817 78.4521492926 31.2091915119 67.7843846324 59.9952231345 51.8674024411 57.6246087656 24.6053371985 40.5223193898 54.0686872122 39.5063418031 30.7012027185 59.656563939 44.7555593343 46.6181849099 52.0367320388 53.0527096255 57.28594957 64.0591334812 58.8099159501 41.5382969765 43.2315929543 48.3114808877 37.305057032 67.2763958391 43.0622633565 40.352989792 44.247570541 40.1836601942 43.4009225521 42.2156153676 44.4169001387 35.9504202497
28.08898266 30.4295069029 32.6585776105 84.7173444104 26.0828190232 21.8540617138 23.2962171646 22.0108177411 16.931922458 21.9167641247 24.5967718848 30.6152627952 28.8320062292 27.4032250787 26.0386105035 26.3037724291 28.778617068 17.4650415759 61.8578487101 46.6181849099 69.3083510124 57.1166199723 33.9184650764 59.4872343412 40.1836601942 70.8323173924 45.4328777254 58.4712567545 58.4712567545 73.2029317614 60.1645527323 81.8387412482 65.2444406657 69.647010208 56.9472903745 52.5447208322 72.694942968 41.7076265743 78.7908084881 73.5415909569 44.4169001387 74.2189093481 56.1006423856 67.1070662413 42.7236041609 44.0782409432 40.8609785854 21.2187452428 45.9408665188 49.3274584744
28.8320062292 86.0719811927 22.4147308537 44.5999452951 30.355204546 24.3935093554 26.6821473533 31.9898563983 29.7236345122 21.9218870357 19.9416381813 19.8475845649 18.3427267033 20.756769523 26.6029355216 42.0462857698 38.9983530098 70.6629877947 54.4073464078 58.9792455478 90.8132099305 45.9408665188 33.410476283 58.6405863523 35.4424314564 42.7236041609 57.9632679612 52.0367320388 53.7300280166 68.2923734257 33.0718170875 50.343436061 72.3562837725 50.0047768655 54.23801681 39.5063418031 68.123043828 48.1421512899 68.123043828 41.0303081831 60.6725415256 36.7970682386 46.7875145077 52.5447208322 63.2124854923 55.4233239945 21.896063634 51.1900840499 64.9057814701 46.4488553121
25.339795454 37.4743866297 35.937989059 22.2718647575 25.9266986124 20.183388269 17.4982042123 30.5463632386 90.1358915394 30.5463632386 33.6988106074 24.4853183494 18.2800242924 23.045407521 19.8414210419 83.532037226 51.5287432455 25.9599739807 31.0398619141 45.0942185299 51.1900840499 36.2890794453 36.1197498475 54.0686872122 35.4424314564 33.5798058808 38.4903642164 43.5702521498 63.0431558946 59.4872343412 43.2315929543 62.1965079057 57.1166199723 93.0144947017 45.4328777254 43.5702521498 30.1932139252 45.4328777254 33.5798058808 37.9823754231 40.6916489876 56.4393015811 60.5032119279 48.3114808877 44.5862297365 46.1101961165 60.5032119279 30.362543523 67.9537142302 40.352989792
27.8660755892 23.9173150987 40.9760656453 39.6509726797 23.2415145557 38.5321459895 20.481742053 28.6018424509 50.1741064633 76.2508645214 58.1325975589 30.0579951184 24.644318999 27.9405866549 24.7128008755 43.9812341354 26.2153851205 48.4808104855 64.5671222746 38.829023412 61.8578487101 71.8482949791 43.4009225521 62.3658375034 43.9089113454 49.3274584744 32.3944986963 47.1261737032 64.0591334812 38.1517050209 52.3753912344 62.8738262968 40.6916489876 77.9441604992 76.9281829125 69.8163398058 75.5735461303 37.305057032 28.1612587518 47.295503301 32.3944986963 61.5191895145 47.295503301 48.1421512899 34.0877946741 69.8163398058 62.3658375034 59.656563939 53.7300280166 70.8323173924
81.8387412482 20.1166608319 22.4956300955 22.0480994194 20.1087998229 28.5632196804 26.3372840933 32.9929382167 44.7555593343 46.1909168487 28.6902297594 23.8537483156 22.8259490828 35.6231965947 13.3212512353 18.6916193486 30.3695886215 44.5862297365 52.2060616366 35.6117610542 67.4457254368 42.3849449654 37.9823754231 54.23801681 79.2987972815 58.8099159501 65.2444406657 15.9695277117 52.8833800277 32.9024874897 34.4264538697 52.0367320388 28.3305883496 40.6916489876 41.3689673787 73.3722613592 35.4424314564 70.3243285991 52.5447208322 69.1390214146 52.71405043 42.2156153676 42.8929337587 60.8418711234 37.1357274342 70.6629877947 36.2890794453 71.3403061858 62.704496699 40.8609785854
49.8354472677 22.1495689281 37.3387308532 40.3573544856 25.5966739608 21.2656958428 25.616206368 22.7020617833 66.5990774479 18.5256892783 21.3022149592 18.8443459905 23.4216219864 21.2160146449 24.4476389499 24.4476389499 28.2482932168 63.0431558946 45.4328777254 72.8642725658 54.9153352011 48.6501400832 49.6661176699 43.7395817476 40.8609785854 69.1390214146 46.2795257143 47.4648328988 63.5511446879 49.1581288766 60.1645527323 54.9153352011 50.0047768655 61.0112007212 25.7906443829 70.6629877947 64.228463079 52.3753912344 40.5223193898 54.0686872122 43.4009225521 25.2826555896 63.0431558946 61.6885191123 73.3722613592 48.6501400832 33.9184650764 42.2156153676 34.4264538697 42.0462857698
36.3799256017 27.0992582059 39.6509726797 27.2760328229 42.0462857698 27.8063566741 23.5156756027 23.8165971371 22.5733820251 27.9032267677 19.9102869758 22.9513539046 16.0064352919 27.0992582059 65.2444406657 71.170976588 38.1476717723 42.2156153676 53.8993576144 43.9089113454 72.694942968 56.4393015811 69.647010208 37.1357274342 62.704496699 78.4521492926 36.9663978364 23.7586892096 59.4872343412 52.71405043 72.694942968 40.1836601942 24.7746667962 36.6277386408 50.8514248544 79.9761156726 42.2156153676 83.3627076282 70.6629877947 53.2220392233 78.6214788903 43.9089113454 82.8547188348 58.8099159501 50.343436061 41.0303081831 58.1325975589 46.7875145077 47.9728216921 35.1037722608
31.3418490154 38.766382932 37.7941225382 35.937989059 67.4457254368 20.3818227575 23.9128105699 28.3366805253 42.8929337587 31.5811934352 22.590608248 28.8320062292 38.5012210064 41.3296148795 37.305057032 46.6181849099 50.8514248544 22.9120412207 36.6277386408 49.3274584744 46.6181849099 31.3785211097 43.2315929543 41.5382969765 73.0336021636 74.3882389458 26.1293035785 32.7331578919 52.0367320388 52.0367320388 40.352989792 67.6150550346 41.1996377809 41.5382969765 61.3498599168 68.6310326213 80.4841044659 31.2091915119 60.8418711234 35.1037722608 52.8833800277 53.2220392233 51.8674024411 66.2604182524 30.5318731208 46.4488553121 65.4137702635 63.5511446879 36.9663978364 50.0047768655
41.7076265743 48.819469681 47.1261737032 52.0367320388 74.7268981414 21.2160146449 28.6834015153 28.1261338384 65.4137702635 27.6431685185 29.0549132999 43.4009225521 27.8289244108 26.9744473062 27.2716567339 22.1447941064 73.8802501525 50.343436061 72.0176245769 57.4552791678 68.6310326213 39.5063418031 50.343436061 51.8674024411 45.9408665188 53.7300280166 42.8929337587 60.6725415256 47.6341624966 38.6596938142 50.1741064633 74.0495797503 36.9663978364 36.4584090431 32.7331578919 69.4776806102 83.0240484326 67.1070662413 46.7875145077 66.7684070457 26.9759515674 50.0047768655 50.0047768655 56.2699719834 40.5223193898 48.4808104855 58.9792455478 50.6820952566 63.8898038835 38.829023412
77.6055013037 26.6372923718 56.1006423856 71.3403061858 36.7970682386 37.4743866297 59.8258935367 59.656563939 24.0940897158 31.2839840075 26.4914819862 58.9792455478 23.2221782818 22.5751394392 27.7546220539 28.6462503369 48.9887992788 54.0686872122 74.7268981414 47.8034920943 87.9346067683 43.5702521498 76.4201941192 41.1996377809 45.9408665188 60.8418711234 38.6596938142 49.1581288766 66.2604182524 32.3944986963 47.4648328988 36.1197498475 69.4776806102 37.6437162275 52.0367320388 44.5862297365 44.7555593343 58.9792455478 47.9728216921 35.6117610542 66.4297478502 52.3753912344 32.2251690986 51.5287432455 39.5063418031 65.9217590568 58.4712567545 67.1070662413 44.9248889321 73.0336021636
54.0686872122 73.3722613592 62.704496699 30.362543523 42.5542745632 72.0176245769 68.9696918169 31.3418490154 22.3263435452 21.6751571893 28.9063085861 55.5926535922 22.8878176756 22.7392129618 29.3892739061 50.6820952566 77.4361717059 70.4936581969 28.3305883496 43.9089113454 54.7460056033 40.352989792 49.1581288766 49.6661176699 69.647010208 49.3274584744 63.7204742857 55.9313127878 84.8866740082 44.0782409432 72.1869541747 78.6214788903 61.5191895145 56.9472903745 53.8993576144 56.2699719834 45.0942185299 51.5287432455 50.0047768655 52.3753912344 67.9537142302 48.9887992788 74.7268981414 65.4137702635 75.2348869347 45.0942185299 69.1390214146 68.123043828 52.8833800277 50.0047768655
71.3403061858 60.3338823301 60.1645527323 47.4648328988 39.1676826076 29.5158955341 43.0622633565 36.5567002187 32.5792713348 40.09219256 43.0973610501 18.5256892783 45.4328777254 59.1485751456 62.0271783079 50.343436061 77.0975125103 34.934442663 35.4424314564 67.7843846324 79.4681268792 38.829023412 50.8514248544 54.0686872122 67.4457254368 67.6150550346 33.0718170875 51.0207544522 66.9377366435 58.6405863523 74.5575685436 81.8387412482 36.1197498475 75.4042165325 75.5735461303 55.0846647989 51.5287432455 44.5862297365 67.7843846324 53.2220392233 62.0271783079 27.4839403607 54.9153352011 46.9568441054 49.3274584744 53.2220392233 51.8674024411 57.9632679612 13.0909245494 45.2635481276
60.6725415256 46.9568441054 64.0591334812 65.4137702635 68.4617030235 42.0462857698 63.0431558946 44.4169001387 52.71405043 38.5012210064 31.3418490154 43.8928468269 47.295503301 44.4169001387 32.3944986963 40.8609785854 47.6341624966 79.9761156726 73.2029317614 59.8258935367 35.1037722608 50.0047768655 46.7875145077 31.886509903 51.6980728433 71.170976588 80.9920932593 47.4648328988 87.2572883771 77.9441604992 55.76198319 39.6756714009 40.6916489876 46.9568441054 81.6694116504 79.9761156726 55.5926535922 53.3913688211 46.1101961165 41.0303081831 72.5256133703 60.8418711234 39.1676826076 51.5287432455 42.7236041609 48.9887992788 48.819469681 79.1294676837 63.3818150901 76.9281829125
45.4328777254 39.6756714009 56.1006423856 55.0846647989 82.3467300415 46.7875145077 68.2923734257 64.228463079 51.5287432455 53.3913688211 50.5127656588 60.5032119279 37.6437162275 73.8802501525 64.7364518724 48.6501400832 50.6820952566 26.6372923718 38.4903642164 46.1101961165 68.4617030235 48.3114808877 33.7491354786 61.5191895145 51.5287432455 48.3114808877 74.7268981414 52.0367320388 58.1325975589 47.6341624966 44.0782409432 39.5063418031 40.352989792 48.819469681 28.838577143 29.1772363385 49.6661176699 71.5096357836 84.8866740082 39.1676826076 40.5223193898 53.7300280166 45.0942185299 68.9696918169 40.1836601942 28.4999179474 53.0527096255 42.0462857698 79.1294676837 52.5447208322
52.8833800277 47.4648328988 71.8482949791 65.752429459 51.1900840499 42.7236041609 46.4488553121 29.3973282277 29.9276520789 40.0143305965 71.6789653814 35.2731018586 70.3243285991 74.2189093481 48.3114808877 25.6213147851 63.2124854923 54.23801681 56.7779607767 26.8066219696 75.2348869347 87.4266179749 55.76198319 61.0112007212 33.0718170875 53.3913688211 68.9696918169 43.7395817476 42.0462857698 42.7236041609 45.2635481276 35.4424314564 48.3114808877 71.3403061858 45.6022073232 24.0973484051 42.7236041609 69.1390214146 41.5382969765 49.8354472677 43.5702521498 38.9983530098 52.3753912344 69.1390214146 30.5318731208 52.8833800277 48.819469681 44.7555593343 46.1101961165 69.1390214146
