data/000_antsRichness.asc
NCOLS 100
NROWS 100
XLLCORNER 212461.033821
YLLCORNER 9753254.946558
CELLSIZE 50
NODATA_VALUE NaN
[rows 46 to 68 of 100, columns 0 to 49 of 100]
39.6756714009 33.7491354786 53.2220392233 56.6086311789 77.6055013037 23.8289277902 31.6953982495 23.7405404817 28.08898266 26.0828190232 22.1447941064 62.704496699 43.5702521498 52.0367320388 54.9153352011 50.343436061 63.8898038835 50.6820952566 55.0846647989 26.0456678447 25.6370048816 29.1292156569 51.1900840499 39.1676826076 27.7179693656 52.8833800277 27.5688661616 24.373864814 31.0982281152 30.1322974753 21.5405496593 20.9448767557 26.0551232443 17.7784050052 25.1145870807 24.7082254202 81.8387412482 34.0877946741 72.1869541747 84.2093556171 25.4140978109 28.0518314815 21.8475846788 24.0023530294 44.1580087525 28.497645623 30.0579951184 22.0421689465 21.1956863993 21.7600080975
67.2763958391 36.1197498475 54.23801681 46.1101961165 70.4936581969 22.7682800878 44.5999452951 39.3370122053 27.5688661616 21.5719008648 23.1850271033 50.343436061 71.5096357836 34.7651130653 22.3263435452 29.3973282277 23.9173150987 15.3437461712 25.1547374182 27.1602031985 26.5657843431 56.1006423856 51.5287432455 76.9281829125 25.6850612694 15.7856827138 26.0828190232 27.3459590908 56.4393015811 22.7763641403 25.8227607739 26.231423737 17.4962441561 23.67243163 29.1663668353 30.8753210445 46.4488553121 50.8514248544 40.6916489876 54.5766760055 43.2315929543 33.4759035366 26.4543308078 58.3019271567 34.5957834675 25.6741560601 20.6313647012 19.4713700995 21.9167641247 22.2190964634
67.9537142302 66.9377366435 72.8642725658 61.0112007212 47.8034920943 86.579969986 30.4666580814 21.5132240726 29.3892739061 31.804100506 23.965201851 44.247570541 58.3019271567 55.4233239945 36.3799256017 39.4272073417 29.4323555752 21.2276265132 42.1251006562 57.7939383634 41.1996377809 42.5542745632 36.7970682386 49.6661176699 21.8844070025 23.9873990159 20.8546842831 12.161803064 52.71405043 43.2315929543 34.5957834675 25.7113072386 21.2270376048 26.9956594078 26.0085166662 29.3465659363 29.8722392261 29.5378786199 25.3769466324 30.5781116168 46.2795257143 27.9403779461 25.5998537032 40.9760656453 38.0592844638 24.4853183494 20.1610966194 22.9513539046 23.1708123428 30.7638675091
38.829023412 44.5862297365 60.5032119279 62.8738262968 62.5351671012 62.5351671012 32.0270075767 28.6462503369 51.6980728433 44.247570541 44.247570541 64.5671222746 49.8354472677 56.6086311789 43.2741356672 27.7914097628 19.1391500247 21.7497456353 17.3766542674 77.7748309014 59.656563939 30.8705323163 41.0303081831 44.9248889321 19.2327877465 20.7353719916 35.5844398249 38.766382932 35.6117610542 62.0271783079 64.7364518724 25.6370048816 23.5193877094 20.2237990303 30.7638675091 57.9632679612 25.0425860263 21.9218870357 21.1045611096 21.8104335003 23.6679924233 49.8354472677 56.9472903745 46.9864026255 31.8191858478 22.0421689465 21.6032520702 22.4791547126 27.4202614477 31.8784028629
45.6022073232 45.9408665188 60.8418711234 33.7491354786 53.5606984189 59.3179047434 27.8289244108 26.2685749155 60.3338823301 48.6501400832 53.2220392233 70.8323173924 70.1549990013 51.8674024411 32.2257221007 28.3366805253 42.5670371989 27.45280744 29.0437789936 38.6596938142 39.1676826076 45.9408665188 43.9089113454 45.6022073232 41.0303081831 52.8833800277 43.7395817476 84.2093556171 19.4699092573 22.7763641403 29.3149715492 41.7076265743 28.7577038723 23.8605388627 27.9032267677 62.5351671012 24.5224695279 47.4648328988 20.6215957896 18.6875899632 31.8412516844 48.4808104855 33.2863698031 21.0005339172 24.509518138 28.9063085861 29.463576263 26.7515402354 46.1101961165 24.0766553863
71.5096357836 68.4617030235 85.3946628015 44.5862297365 59.1485751456 61.180530319 50.0047768655 68.6310326213 78.6214788903 50.5127656588 47.4648328988 46.9568441054 45.2635481276 49.6661176699 46.7875145077 66.5990774479 45.2635481276 78.6214788903 22.2347228295 72.3562837725 48.1421512899 31.5478507074 47.295503301 42.3849449654 60.6725415256 36.9663978364 66.2604182524 51.3594136477 24.3367136356 19.8789357704 50.6986695838 49.1076980302 20.7353719916 22.0480994194 34.3470175055 65.4137702635 27.6431685185 64.5671222746 30.6347505471 20.9292727291 22.5915054707 22.4791547126 26.3037724291 23.8382221239 24.624413567 26.7515402354 35.2731018586 21.8847358572 22.3305499987 22.4420035341
68.8003622191 57.6246087656 65.9217590568 31.7171803052 48.9887992788 39.3370122053 34.0877946741 29.8545547296 64.9057814701 62.8738262968 51.5287432455 42.8929337587 58.9792455478 42.2156153676 52.2060616366 71.170976588 87.7652771705 48.1421512899 39.5063418031 62.1965079057 75.7428757281 47.295503301 71.5096357836 22.0653932317 63.8898038835 68.8003622191 46.2795257143 59.656563939 27.60601734 21.9167641247 22.5124370283 19.2832628668 20.6000134958 29.8722392261 35.6728271334 28.4233432661 35.3706136381 25.8970631309 21.2160146449 22.8566673963 39.2780304496 23.954592479 31.2534617068 35.6728271334 40.09219256 67.1070662413 53.5606984189 31.5478507074 28.9063085861 26.1491768606
33.2411466852 63.8898038835 61.0112007212 52.8833800277 57.1166199723 57.7939383634 28.3305883496 42.8929337587 62.1965079057 50.343436061 46.7875145077 39.5063418031 47.295503301 61.5191895145 47.9728216921 46.9568441054 36.7970682386 36.6277386408 55.2539943967 77.4361717059 46.6181849099 61.6885191123 60.5032119279 68.4617030235 83.8706964215 47.1261737032 60.1645527323 54.7460056033 30.5781116168 24.7697238208 17.9665122379 19.2205604559 20.4119062631 31.1353792937 47.295503301 24.2252601002 22.2616273847 27.1602031985 39.8450009987 17.1114923418 24.211164354 20.6313647012 28.2747385523 39.1676826076 53.0527096255 50.343436061 27.0859008416 24.1881089217 21.2903170019 22.4497346174
64.9057814701 70.6629877947 64.228463079 47.4648328988 50.5127656588 37.8130458253 61.3498599168 41.1996377809 39.5063418031 48.3114808877 68.123043828 30.7012027185 49.4967880721 58.3019271567 63.0431558946 56.2699719834 62.3658375034 41.3689673787 34.7651130653 31.0398619141 58.6405863523 89.2892435505 74.7268981414 70.8323173924 56.1006423856 37.305057032 45.6022073232 75.4042165325 43.6276849013 15.2605508318 26.5880937369 23.5398683398 30.4020053735 23.3336318171 36.9663978364 22.0611816196 28.0151751009 27.2345055554 31.0610769368 27.2345055554 24.9578310535 23.2021635482 26.4171796293 31.6926469706 29.0177621215 50.6820952566 24.9311324909 25.5848551625 23.5783780136 20.5059598794
52.2060616366 73.0336021636 45.0942185299 66.7684070457 65.5830998613 22.0653932317 63.0431558946 40.0143305965 59.4872343412 66.0910886546 51.1900840499 54.23801681 47.4648328988 42.5542745632 59.3179047434 54.5766760055 37.1357274342 44.247570541 47.6341624966 34.5957834675 59.4872343412 28.6692475452 44.247570541 66.9377366435 39.1676826076 54.23801681 53.8993576144 42.8929337587 20.0282735233 30.6257707115 21.9167641247 19.8162333595 17.6530001834 32.7328799674 33.7491354786 28.3366805253 44.5999452951 23.890899494 28.497645623 23.1107247464 22.6378418501 26.9016057915 26.9643082024 21.9167641247 22.7392129618 44.7555593343 25.6741560601 22.6691930555 27.9048443659 24.7070214099
66.2604182524 33.9184650764 47.6341624966 73.8802501525 31.7171803052 47.9728216921 43.4009225521 66.4297478502 42.7236041609 44.0782409432 39.8450009987 43.9089113454 76.7588533148 41.3689673787 54.5766760055 55.2539943967 45.6022073232 45.0942185299 56.4393015811 62.1965079057 29.0079067407 55.0846647989 43.0622633565 64.5671222746 37.6437162275 57.7939383634 55.0846647989 42.2156153676 27.7179693656 29.1321663021 28.5134551424 30.838169866 26.9956594078 25.0054348478 41.876956172 43.9089113454 26.9224835888 31.1650743983 60.3338823301 22.2933988203 28.8320062292 24.4562117663 18.3427267033 23.6410804245 31.804100506 31.0982281152 19.0560131295 22.8506664972 28.0146803031 20.7702005034
49.8354472677 72.5256133703 79.637456477 63.0431558946 49.1581288766 62.0271783079 55.4233239945 72.3562837725 62.5351671012 66.5990774479 70.3243285991 77.9441604992 75.4042165325 65.0751110679 36.9663978364 39.8450009987 59.8258935367 40.0143305965 81.3307524548 57.28594957 50.1741064633 76.0815349236 34.2571242719 67.9537142302 54.9153352011 54.5766760055 24.2252601002 25.7113072386 30.7638675091 28.3118897307 60.3338823301 25.0425860263 24.9891822589 23.965201851 27.5688661616 69.9856694035 28.778617068 30.0160393874 21.5308577684 45.771536921 24.856830134 22.2190964634 26.7762009697 19.1265068396 19.1265068396 23.045407521 33.0871894301 28.6834015153 57.1166199723 22.4048523557
71.170976588 46.6181849099 48.6501400832 91.4905283216 46.4488553121 60.5032119279 28.4999179474 74.8962277392 76.0815349236 38.829023412 68.123043828 41.7076265743 57.9632679612 46.7875145077 41.7076265743 44.0782409432 50.5127656588 45.2635481276 35.2731018586 30.8705323163 42.2156153676 55.4233239945 84.5480148126 38.829023412 59.1485751456 73.8802501525 25.0054348478 25.271343108 27.3405226678 33.178694109 27.8063566741 24.0057024073 28.611882669 30.2561847747 24.8196789555 23.7405404817 30.7231378557 23.3161030017 29.4857155362 27.0108708973 62.704496699 30.0951462968 24.7697238208 24.6129677935 23.2648659591 24.644318999 22.6448069876 45.6605929975 24.801188184 46.4488553121
64.7364518724 59.1485751456 71.0016469902 72.8642725658 77.6055013037 70.6629877947 73.7109205547 38.4903642164 61.3498599168 26.9759515674 64.0591334812 62.704496699 24.943996394 49.4967880721 70.1549990013 64.228463079 54.4073464078 49.1581288766 36.9663978364 41.876956172 43.7395817476 62.5351671012 33.7491354786 54.9153352011 41.5382969765 30.0238843274 30.7267163306 22.2933988203 26.3057260939 32.9328205689 40.9760656453 26.9224835888 25.6283448283 36.816611731 25.1062257062 30.9987129416 39.2034420036 24.2857528 24.8324262317 45.8373676146 42.3902625818 34.7889540481 24.6710742417 28.980610943 38.6813228815 17.4982042123 17.9457348884 28.9102364531 35.1425032822 34.7651130653
70.6629877947 47.295503301 51.8674024411 64.9057814701 37.1357274342 43.4009225521 59.4872343412 51.0207544522 44.0782409432 65.9217590568 34.934442663 48.3114808877 24.6053371985 67.7843846324 50.6820952566 42.7236041609 51.6980728433 88.4425955616 31.2091915119 51.5287432455 18.1708124828 76.9281829125 30.7012027185 28.838577143 55.2539943967 38.1517050209 30.9124722229 31.2468328291 47.4648328988 72.1869541747 46.2795257143 47.6935010937 24.434929692 26.8217599646 22.3464532035 24.6586950301 22.1972763115 42.5670371989 23.5565388879 33.8166936543 17.4982042123 30.5463632386 69.4776806102 29.6864833338 26.126997812 28.611882669 30.7003591575 36.518257947 31.8412516844 24.6339230632
56.9472903745 47.295503301 33.2411466852 36.4584090431 83.8706964215 44.9248889321 47.9728216921 61.5191895145 35.2731018586 57.28594957 52.5447208322 71.3403061858 39.8450009987 57.7939383634 53.7300280166 53.0527096255 29.5158955341 74.8962277392 58.9792455478 50.8514248544 51.3594136477 42.2156153676 66.0910886546 62.704496699 69.9856694035 43.2315929543 78.4521492926 67.2763958391 32.0558395008 53.8993576144 34.6121794311 44.8651072207 21.0038611752 19.9596229309 24.926479848 22.2302761792 23.5398683398 21.5308577684 66.4297478502 32.6676586434 33.109595186 26.3921597376 53.2220392233 70.3243285991 28.4250678338 23.6890452318 24.509518138 28.8670043765 26.8258425924 24.0023530294
40.1836601942 70.8323173924 45.4328777254 56.2699719834 58.3019271567 50.5127656588 74.5575685436 45.0942185299 44.5862297365 59.8258935367 32.3944986963 67.6150550346 44.5862297365 42.3849449654 50.6820952566 58.9792455478 39.8450009987 64.3977926768 82.8547188348 33.410476283 44.247570541 51.8674024411 77.7748309014 49.8354472677 69.647010208 24.7746667962 45.2635481276 45.9408665188 70.1549990013 64.3977926768 29.8392647703 18.9153846867 19.4375038088 26.9956594078 27.2345055554 28.6834015153 43.7160722098 34.2586301969 54.0686872122 53.3913688211 76.9281829125 28.3490409092 28.2747385523 30.1694486537 22.0611816196 37.9354384213 20.1087998229 29.4857155362 57.4552791678 63.8898038835
44.5862297365 45.2635481276 48.4808104855 45.9408665188 49.8354472677 73.2029317614 50.6820952566 52.3753912344 40.6916489876 46.7875145077 48.3114808877 42.3849449654 47.4648328988 30.0238843274 74.2189093481 85.3946628015 30.362543523 76.0815349236 38.6596938142 60.1645527323 33.7491354786 54.4073464078 66.5990774479 76.9281829125 50.6820952566 74.0495797503 57.9632679612 54.4073464078 66.2604182524 52.5447208322 22.0333405711 28.7577038723 25.4908015462 20.4729910758 32.9929382167 71.6789653814 54.23801681 35.2731018586 67.9537142302 60.6725415256 56.7779607767 29.946541583 25.6370048816 27.7174708754 36.7334748358 20.6469846831 22.4147308537 43.8044595183 38.6596938142 54.7460056033
82.0080708459 57.1166199723 66.5990774479 49.6661176699 46.9568441054 51.8674024411 87.2572883771 79.8067860748 69.8163398058 67.6150550346 56.4393015811 55.9313127878 51.8674024411 64.3977926768 82.8547188348 52.0367320388 64.9057814701 68.2923734257 67.7843846324 46.9568441054 77.4361717059 65.5830998613 61.3498599168 52.0367320388 53.0527096255 39.3370122053 48.4808104855 73.3722613592 58.9792455478 67.4457254368 38.4903642164 29.6864833338 21.2897400157 25.8970631309 33.7491354786 58.9792455478 37.1357274342 54.0686872122 71.5096357836 52.3753912344 46.1101961165 22.4048523557 29.3521227276 69.8163398058 64.5671222746 70.4936581969 46.1101961165 51.6980728433 36.1197498475 39.6756714009
61.180530319 28.1612587518 28.4999179474 73.7109205547 47.4648328988 57.4552791678 52.5447208322 79.1294676837 77.4361717059 49.4967880721 73.0336021636 41.5382969765 43.7395817476 48.4808104855 35.1037722608 70.8323173924 57.6246087656 49.1581288766 71.8482949791 38.1517050209 73.3722613592 68.8003622191 17.1114923418 40.2689671771 21.8844070025 51.0207544522 36.7970682386 32.9024874897 61.5191895145 44.5862297365 44.4169001387 24.7453765986 28.497645623 24.5224695279 42.0462857698 32.5638282941 51.3594136477 47.6341624966 52.2060616366 32.0558395008 45.771536921 25.2654930971 25.8227607739 48.6501400832 52.3753912344 56.1006423856 39.5063418031 45.2635481276 72.694942968 32.2251690986
68.2923734257 93.522483495 78.9601380859 64.0591334812 72.3562837725 31.0398619141 46.4488553121 69.8163398058 73.8802501525 46.7875145077 51.6980728433 51.6980728433 59.9952231345 75.2348869347 43.9089113454 72.8642725658 30.362543523 75.065557337 45.6022073232 57.28594957 45.2635481276 29.5158955341 17.641816193 29.5815324673 30.4579759301 45.6022073232 61.6885191123 57.28594957 44.9248889321 52.3753912344 50.6820952566 38.9983530098 70.6629877947 70.6629877947 72.0176245769 35.1037722608 43.2315929543 42.5542745632 64.228463079 54.5766760055 45.9408665188 60.3338823301 40.1836601942 34.7651130653 74.0495797503 65.9217590568 47.1261737032 33.0718170875 74.2189093481 55.2539943967
73.7109205547 32.9024874897 75.065557337 40.5223193898 57.6246087656 59.4872343412 48.819469681 32.3944986963 63.5511446879 72.3562837725 51.8674024411 50.0047768655 48.9887992788 67.4457254368 53.5606984189 58.1325975589 40.352989792 61.5191895145 43.0622633565 70.4936581969 30.362543523 42.5542745632 29.0437789936 37.6370846372 34.5237921225 59.656563939 50.8514248544 62.5351671012 50.0047768655 51.1900840499 45.771536921 60.5032119279 78.9601380859 66.4297478502 66.4297478502 66.4297478502 44.247570541 43.0622633565 56.4393015811 71.5096357836 75.4042165325 75.7428757281 74.5575685436 62.5351671012 44.247570541 37.1357274342 63.2124854923 24.0973484051 33.410476283 51.0207544522
32.2251690986 67.4457254368 59.3179047434 32.5638282941 62.3658375034 44.4169001387 36.7970682386 38.3210346186 39.3370122053 87.7652771705 52.8833800277 74.5575685436 63.3818150901 53.0527096255 58.9792455478 65.0751110679 48.4808104855 50.343436061 40.5223193898 50.343436061 27.2760328229 21.5308577684 44.6883326037 27.7914097628 26.6573216632 45.4328777254 24.0057024073 43.8928468269 46.6181849099 54.9153352011 44.5862297365 73.3722613592 79.2987972815 58.9792455478 44.4169001387 70.3243285991 31.7171803052 33.2411466852 48.3114808877 51.3594136477 29.3465659363 61.3498599168 57.28594957 66.2604182524 46.4488553121 40.0143305965 48.1421512899 53.0527096255 32.7331578919 49.3274584744
