data/000_antsRichness.asc
NCOLS 100
NROWS 100
XLLCORNER 212461.033821
YLLCORNER 9753254.946558
CELLSIZE 50
NODATA_VALUE NaN
[rows 0 to 22 of 100, columns 0 to 49 of 100]
42.0462857698 39.1676826076 71.3403061858 32.2251690986 62.5351671012 51.5287432455 76.589523717 61.3498599168 58.6405863523 44.9248889321 34.4264538697 56.6086311789 50.8514248544 45.2635481276 56.6086311789 67.7843846324 37.8130458253 74.2189093481 39.6756714009 57.28594957 30.0238843274 54.5766760055 42.7236041609 30.7012027185 76.4201941192 50.5127656588 68.9696918169 35.7810906519 72.3562837725 39.6756714009 55.76198319 71.0016469902 47.4648328988 32.9024874897 46.1101961165 51.5287432455 49.1581288766 44.4169001387 20.7107564495 40.5223193898 50.0047768655 68.9696918169 38.1517050209 31.2091915119 63.3818150901 44.7555593343 51.8674024411 47.8034920943 50.343436061 39.3370122053
34.5957834675 75.4042165325 66.9377366435 54.4073464078 29.1772363385 46.9568441054 45.771536921 43.9089113454 52.2060616366 64.3977926768 40.1836601942 51.1900840499 45.6022073232 69.8163398058 55.0846647989 61.3498599168 52.0367320388 50.343436061 32.5638282941 35.4424314564 45.771536921 63.0431558946 68.6310326213 51.0207544522 45.2635481276 53.8993576144 28.4999179474 63.7204742857 43.2315929543 67.4457254368 57.28594957 52.71405043 51.3594136477 87.2572883771 65.2444406657 37.305057032 55.0846647989 39.1676826076 43.0622633565 73.0336021636 42.8929337587 45.9408665188 69.647010208 43.0622633565 74.8962277392 35.7810906519 45.771536921 69.9856694035 70.8323173924 61.0112007212
46.9568441054 58.3019271567 35.4424314564 79.4681268792 77.2668421081 56.7779607767 56.4393015811 65.9217590568 44.0782409432 52.0367320388 45.2635481276 52.3753912344 46.7875145077 40.6916489876 76.4201941192 46.7875145077 49.3274584744 59.3179047434 70.8323173924 44.5862297365 54.7460056033 51.6980728433 51.3594136477 82.1774004437 72.1869541747 46.4488553121 46.1101961165 82.6853892371 55.2539943967 47.8034920943 65.0751110679 57.28594957 20.2027676562 40.8609785854 56.7779607767 49.4967880721 67.9537142302 30.362543523 40.1836601942 61.5191895145 42.8929337587 41.0303081831 55.0846647989 41.1996377809 60.8418711234 36.4584090431 41.876956172 33.5798058808 57.1166199723 32.9024874897
46.9568441054 73.0336021636 45.9408665188 79.637456477 62.3658375034 37.8130458253 69.3083510124 32.7331578919 51.0207544522 67.4457254368 89.2892435505 46.2795257143 60.6725415256 66.9377366435 44.247570541 39.6756714009 80.4841044659 54.0686872122 57.7939383634 63.7204742857 45.2635481276 67.6150550346 47.6341624966 50.0047768655 38.3210346186 76.2508645214 39.3370122053 77.6055013037 32.0558395008 44.0782409432 70.8323173924 55.0846647989 55.4233239945 58.6405863523 51.8674024411 41.0303081831 58.1325975589 68.9696918169 42.2156153676 23.9280188073 75.5735461303 50.343436061 68.123043828 57.1166199723 72.5256133703 21.2187452428 58.4712567545 29.8545547296 24.0973484051 58.9792455478
61.0112007212 35.4424314564 57.6246087656 53.0527096255 34.934442663 64.3977926768 20.7107564495 41.0303081831 42.2156153676 43.0622633565 77.0975125103 33.9184650764 31.0398619141 46.9568441054 43.7395817476 70.4936581969 49.3274584744 77.6055013037 23.2507004162 66.7684070457 39.5063418031 50.8514248544 55.2539943967 76.589523717 39.6756714009 33.410476283 38.9983530098 33.9184650764 28.838577143 59.3179047434 54.7460056033 48.3114808877 37.8130458253 48.4808104855 78.113490097 50.6820952566 38.829023412 55.4233239945 44.0782409432 44.9248889321 30.8705323163 44.247570541 71.3403061858 46.7875145077 85.7333219971 79.637456477 70.1549990013 56.1006423856 44.0782409432 37.9823754231
42.8929337587 30.8705323163 84.3786852149 66.9377366435 63.7204742857 57.28594957 36.1197498475 55.9313127878 45.771536921 56.9472903745 44.4169001387 71.6789653814 80.1454452704 61.180530319 34.2571242719 71.6789653814 22.5733820251 80.3147748681 63.0431558946 46.7875145077 36.9663978364 33.2411466852 58.3019271567 64.9057814701 66.0910886546 45.9408665188 72.0176245769 54.5766760055 38.9983530098 85.7333219971 48.1421512899 52.2060616366 44.247570541 64.228463079 72.3562837725 61.3498599168 52.2060616366 26.467962774 67.6150550346 36.4584090431 66.9377366435 65.2444406657 54.7460056033 63.5511446879 51.5287432455 58.3019271567 67.6150550346 45.771536921 54.7460056033 44.4169001387
70.6629877947 33.2411466852 74.2189093481 48.819469681 63.7204742857 64.3977926768 45.2635481276 67.7843846324 42.8929337587 85.2253332038 47.295503301 46.6181849099 65.2444406657 39.3370122053 61.3498599168 58.1325975589 73.8802501525 72.3562837725 75.5735461303 74.5575685436 50.5127656588 65.9217590568 69.9856694035 52.3753912344 51.8674024411 43.2315929543 49.8354472677 55.2539943967 78.4521492926 36.6277386408 39.1676826076 74.2189093481 35.9504202497 35.9504202497 44.247570541 63.0431558946 57.6246087656 62.704496699 50.343436061 69.8163398058 50.1741064633 43.2315929543 93.6918130928 50.6820952566 42.0462857698 77.2668421081 79.8067860748 38.3210346186 42.8929337587 76.7588533148
39.8450009987 44.9248889321 60.8418711234 58.9792455478 67.4457254368 53.3913688211 70.3243285991 46.1101961165 74.3882389458 65.752429459 51.5287432455 70.6629877947 41.0303081831 57.6246087656 47.1261737032 61.5191895145 74.7268981414 77.2668421081 59.8258935367 50.5127656588 69.9856694035 55.9313127878 52.2060616366 62.704496699 70.3243285991 48.4808104855 54.7460056033 68.9696918169 47.295503301 71.3403061858 50.6820952566 46.7875145077 75.9122053259 77.0975125103 39.8450009987 65.5830998613 53.3913688211 51.0207544522 47.6341624966 67.9537142302 20.8800860473 54.7460056033 52.5447208322 41.7076265743 75.2348869347 62.5351671012 67.6150550346 64.0591334812 51.6980728433 50.6820952566
47.9728216921 80.1454452704 24.0973484051 38.3210346186 51.8674024411 64.228463079 55.4233239945 72.1869541747 51.5287432455 46.7875145077 38.3210346186 52.2060616366 64.3977926768 30.1932139252 32.2251690986 62.5351671012 61.6885191123 46.6181849099 40.8609785854 50.6820952566 61.180530319 45.0942185299 43.2315929543 70.4936581969 67.9537142302 45.4328777254 63.7204742857 88.6119251594 55.2539943967 64.0591334812 69.9856694035 68.6310326213 50.5127656588 60.5032119279 54.23801681 52.0367320388 12.0749469627 44.5862297365 42.8929337587 49.8354472677 38.829023412 54.9153352011 65.4137702635 51.6980728433 44.5862297365 79.1294676837 54.4073464078 42.3849449654 51.1900840499 52.0367320388
66.9377366435 60.6725415256 14.4455613316 35.6117610542 42.8929337587 27.9919291541 74.5575685436 71.6789653814 76.0815349236 65.2444406657 68.8003622191 34.7651130653 43.5702521498 67.2763958391 84.3786852149 45.9408665188 51.5287432455 42.7236041609 77.2668421081 46.4488553121 54.0686872122 47.6341624966 45.0942185299 56.2699719834 55.4233239945 38.4903642164 53.7300280166 26.467962774 54.0686872122 65.752429459 79.9761156726 45.9408665188 23.2507004162 47.295503301 49.1581288766 55.5926535922 44.247570541 71.8482949791 79.4681268792 52.71405043 62.0271783079 48.819469681 59.4872343412 37.6437162275 58.9792455478 61.3498599168 76.589523717 60.5032119279 55.9313127878 59.9952231345
37.9823754231 66.9377366435 44.9248889321 72.5256133703 46.4488553121 45.6022073232 49.1581288766 55.2539943967 49.1581288766 37.1357274342 38.9983530098 47.1261737032 78.9601380859 40.0143305965 80.4841044659 47.8034920943 35.2731018586 27.4839403607 50.6820952566 50.6820952566 43.5702521498 51.3594136477 55.76198319 41.876956172 51.1900840499 46.7875145077 58.6405863523 50.6820952566 75.7428757281 37.6437162275 63.3818150901 51.8674024411 41.1996377809 59.4872343412 51.3594136477 57.28594957 53.8993576144 74.8962277392 59.656563939 65.9217590568 48.6501400832 57.1166199723 72.5256133703 45.9408665188 51.1900840499 72.5256133703 31.3785211097 65.0751110679 36.9663978364 74.7268981414
55.2539943967 27.6532699585 39.8450009987 50.0047768655 32.3944986963 78.6214788903 39.3370122053 55.9313127878 50.343436061 31.5478507074 25.1133259918 60.8418711234 55.76198319 67.9537142302 69.8163398058 40.6916489876 54.5766760055 67.1070662413 61.0112007212 49.4967880721 39.6756714009 46.7875145077 32.0558395008 60.6725415256 22.7427116229 65.752429459 60.1645527323 37.6437162275 39.6756714009 71.170976588 48.819469681 53.2220392233 66.4297478502 44.0782409432 46.1101961165 44.0782409432 53.2220392233 76.4201941192 33.0718170875 36.9663978364 48.4808104855 78.9601380859 69.4776806102 85.056003606 64.3977926768 33.5798058808 75.2348869347 77.9441604992 43.7395817476 37.6437162275
49.4967880721 45.4328777254 54.0686872122 49.3274584744 84.2093556171 48.819469681 55.5926535922 67.1070662413 63.7204742857 60.8418711234 52.71405043 32.0558395008 59.656563939 81.3307524548 31.7171803052 55.4233239945 26.467962774 48.819469681 77.9441604992 36.7970682386 33.0718170875 48.3114808877 52.5447208322 32.3944986963 31.3785211097 54.0686872122 72.8642725658 45.9408665188 63.7204742857 71.170976588 61.6885191123 56.4393015811 39.6756714009 64.0591334812 89.1199139527 32.9024874897 57.7939383634 68.4617030235 72.3562837725 32.3944986963 46.2795257143 56.7779607767 72.3562837725 29.8545547296 38.3210346186 51.3594136477 70.1549990013 56.4393015811 42.3849449654 47.9728216921
82.1774004437 54.0686872122 81.5000820526 63.3818150901 69.1390214146 76.4201941192 69.4776806102 50.6820952566 45.4328777254 50.8514248544 43.7395817476 50.343436061 71.0016469902 67.4457254368 70.8323173924 44.4169001387 54.4073464078 68.6310326213 50.1741064633 37.9823754231 80.6534340637 76.589523717 48.4808104855 16.6468461028 44.4169001387 76.9281829125 32.9024874897 50.6820952566 57.1166199723 71.0016469902 42.7236041609 50.0047768655 38.829023412 46.2795257143 34.4264538697 35.9504202497 64.7364518724 36.1197498475 45.771536921 66.2604182524 43.2315929543 67.2763958391 56.2699719834 48.1421512899 45.771536921 42.8929337587 57.9632679612 39.3370122053 52.3753912344 73.2029317614
44.4169001387 57.1166199723 80.9920932593 43.5702521498 57.4552791678 44.4169001387 56.7779607767 64.3977926768 66.0910886546 43.9089113454 66.7684070457 69.1390214146 73.5415909569 50.0047768655 71.6789653814 41.3689673787 84.7173444104 71.8482949791 54.23801681 68.9696918169 59.3179047434 75.4042165325 60.5032119279 27.9919291541 42.7236041609 42.0462857698 47.4648328988 76.589523717 65.5830998613 69.8163398058 61.6885191123 44.4169001387 50.8514248544 46.1101961165 23.9280188073 28.1612587518 51.8674024411 52.2060616366 66.4297478502 76.0815349236 64.7364518724 40.1836601942 49.6661176699 54.7460056033 83.7013668237 55.5926535922 44.0782409432 25.7906443829 72.5256133703 56.9472903745
48.819469681 69.647010208 36.9663978364 78.4521492926 44.5862297365 54.9153352011 40.5223193898 65.0751110679 46.1101961165 55.5926535922 64.0591334812 75.5735461303 53.7300280166 71.170976588 47.4648328988 69.9856694035 70.8323173924 67.4457254368 50.343436061 56.4393015811 39.5063418031 33.2411466852 57.6246087656 29.8545547296 43.2315929543 48.1421512899 51.1900840499 66.2604182524 63.3818150901 80.4841044659 31.5478507074 63.3818150901 58.4712567545 52.0367320388 61.5191895145 46.6181849099 38.829023412 49.8354472677 62.5351671012 91.6598579194 47.1261737032 81.3307524548 72.694942968 58.1325975589 65.0751110679 52.2060616366 91.3211987239 38.3210346186 62.0271783079 70.1549990013
38.3210346186 38.829023412 55.2539943967 63.3818150901 41.7076265743 65.9217590568 62.1965079057 57.9632679612 55.76198319 40.1836601942 41.3689673787 85.9026515949 70.3243285991 54.5766760055 47.9728216921 60.6725415256 48.4808104855 65.2444406657 68.2923734257 65.0751110679 27.8225995563 37.8130458253 73.0336021636 67.2763958391 34.5957834675 67.6150550346 55.2539943967 74.5575685436 53.3913688211 54.7460056033 54.9153352011 49.6661176699 59.4872343412 77.0975125103 37.305057032 85.7333219971 79.637456477 45.771536921 58.1325975589 46.1101961165 41.876956172 56.2699719834 52.2060616366 74.7268981414 67.2763958391 58.3019271567 60.1645527323 54.5766760055 44.0782409432 57.6246087656
74.5575685436 37.1357274342 55.2539943967 75.065557337 65.9217590568 63.7204742857 33.0718170875 35.6117610542 62.704496699 47.8034920943 55.5926535922 15.9695277117 48.6501400832 41.7076265743 39.6756714009 54.23801681 33.9184650764 58.3019271567 61.8578487101 17.3241644939 52.0367320388 81.161422857 38.3210346186 48.6501400832 46.7875145077 47.8034920943 56.4393015811 40.5223193898 49.3274584744 48.819469681 51.3594136477 36.1197498475 42.5542745632 33.9184650764 68.6310326213 45.4328777254 28.1612587518 82.1774004437 41.3689673787 71.0016469902 44.7555593343 65.0751110679 54.23801681 64.5671222746 58.8099159501 55.0846647989 69.9856694035 55.5926535922 62.3658375034 55.76198319
71.0016469902 40.0143305965 26.8066219696 75.5735461303 50.343436061 55.0846647989 67.2763958391 64.0591334812 65.5830998613 57.9632679612 58.4712567545 61.8578487101 52.0367320388 28.1612587518 55.76198319 68.2923734257 49.6661176699 53.8993576144 79.9761156726 28.1612587518 51.0207544522 32.5638282941 66.5990774479 63.5511446879 82.6853892371 73.3722613592 55.9313127878 70.1549990013 19.8641084606 26.2986331763 40.0143305965 63.5511446879 47.4648328988 33.2411466852 67.4457254368 65.4137702635 73.3722613592 50.343436061 53.5606984189 68.9696918169 41.876956172 62.5351671012 28.838577143 62.0271783079 65.9217590568 49.4967880721 32.5638282941 55.76198319 73.2029317614 60.6725415256
52.2060616366 58.1325975589 41.3689673787 49.8354472677 40.1836601942 79.4681268792 26.9759515674 75.5735461303 81.8387412482 33.5798058808 61.0112007212 73.5415909569 42.5542745632 72.3562837725 33.7491354786 37.305057032 40.8609785854 34.5957834675 68.6310326213 43.9089113454 65.0751110679 65.2444406657 64.0591334812 62.1965079057 32.2251690986 86.9186291816 48.819469681 65.2444406657 61.8578487101 59.8258935367 44.9248889321 44.4169001387 74.5575685436 48.1421512899 45.2635481276 81.3307524548 45.9408665188 55.0846647989 43.2315929543 64.3977926768 48.4808104855 52.2060616366 45.0942185299 64.3977926768 65.0751110679 39.8450009987 38.829023412 38.9983530098 26.1293035785 36.6277386408
49.8354472677 53.0527096255 40.5223193898 86.0719811927 30.362543523 52.2060616366 56.7779607767 73.8802501525 50.6820952566 73.0336021636 42.2156153676 56.1006423856 46.6181849099 47.6341624966 46.9568441054 52.2060616366 41.0303081831 60.3338823301 48.9887992788 36.9663978364 62.1965079057 58.4712567545 29.0079067407 55.9313127878 44.9248889321 81.5000820526 76.4201941192 44.4169001387 41.3689673787 80.4841044659 75.2348869347 77.6055013037 26.2986331763 38.829023412 50.8514248544 40.5223193898 65.9217590568 30.7012027185 52.0367320388 69.3083510124 71.3403061858 40.352989792 52.71405043 67.4457254368 41.1996377809 45.9408665188 67.7843846324 47.6341624966 48.4808104855 56.2699719834
71.0016469902 38.829023412 53.2220392233 75.4042165325 83.3627076282 37.8130458253 27.1452811652 50.6820952566 42.2156153676 49.3274584744 48.4808104855 36.4584090431 45.0942185299 54.23801681 48.3114808877 64.7364518724 66.9377366435 46.2795257143 56.7779607767 63.8898038835 33.0718170875 34.934442663 40.6916489876 68.2923734257 41.876956172 50.5127656588 36.6277386408 33.7491354786 61.0112007212 36.4584090431 45.2635481276 44.9248889321 56.7779607767 39.3370122053 60.1645527323 62.3658375034 51.0207544522 47.295503301 59.4872343412 70.6629877947 68.2923734257 48.6501400832 34.7651130653 67.1070662413 51.8674024411 72.1869541747 61.5191895145 64.5671222746 39.8450009987 49.1581288766
35.9504202497 50.1741064633 43.0622633565 41.5382969765 61.3498599168 41.7076265743 40.6916489876 51.5287432455 68.4617030235 50.5127656588 36.4584090431 68.4617030235 71.6789653814 45.771536921 72.3562837725 46.2795257143 57.4552791678 46.6181849099 43.9089113454 71.3403061858 45.6022073232 56.4393015811 50.5127656588 47.4648328988 57.28594957 76.4201941192 72.3562837725 63.8898038835 23.420030014 72.0176245769 65.5830998613 41.0303081831 61.0112007212 49.3274584744 60.8418711234 39.3370122053 48.3114808877 45.4328777254 51.6980728433 56.7779607767 51.1900840499 53.3913688211 41.3689673787 45.2635481276 70.6629877947 46.4488553121 74.7268981414 54.23801681 42.0462857698 47.9728216921
